459	468
459	470
459	474
459	476
459	480
457	482
457	484
457	486
457	488
455	490
455	492
455	494
455	496
453	498
453	500
453	502
453	504
453	506
453	508
453	512
453	516
453	518
453	520
453	524
453	528
453	530
453	534
453	536
453	542
453	544
453	548
453	550
453	554
455	558
455	562
455	564
455	566
455	568
457	568
457	572
459	574
459	578
459	582
461	584
465	586
465	590
465	592
467	592
467	594
469	596
471	598
475	600
475	602
479	604
481	610
485	612
487	616
491	618
495	622
495	624
497	624
497	626
499	628
503	628
503	632
507	634
509	638
509	642
509	644
509	646
509	648
509	650
509	652
507	656
501	660
495	666
491	670
487	674
485	674
481	678
481	680
481	682
479	684
475	688
475	690
475	694
473	698
467	704
465	708
463	714
459	722
457	728
451	732
449	738
447	742
443	744
443	746
441	746
439	748
435	752
433	754
433	758
431	760
431	764
429	766
429	770
429	774
427	776
427	778
427	780
427	784
427	786
427	788
425	792
421	798
421	806
421	812
421	816
421	820
421	822
421	826
421	830
421	832
421	836
421	838
421	844
421	846
423	848
423	852
423	854
427	854
427	858
427	860
427	862
427	864
431	864
431	866
431	868
433	870
433	872
433	874
435	876
435	878
435	880
439	880
439	882
439	886
439	888
439	890
439	892
439	894
443	894
443	896
445	900
445	902
449	906
449	910
449	912
453	912
455	914
455	916
455	918
455	920
455	922
455	924
457	924
457	926
457	928
461	928
461	930
461	932
461	934
461	940
465	942
467	946
467	948
469	952
471	954
471	956
471	958
471	960
473	960
473	964
473	966
473	970
473	972
477	974
477	976
479	978
481	978
483	980
487	980
489	982
493	986
499	988
507	994
513	996
519	998
521	1000
527	1002
529	1002
531	1002
533	1002
535	1002
537	1002
539	1002
541	1002
543	1002
547	1002
551	1002
553	1000
557	1000
559	1000
563	996
565	994
569	994
571	992
575	988
577	988
577	984
579	982
581	980
583	978
583	976
587	972
589	970
593	966
597	964
599	962
603	960
607	958
609	956
611	956
615	954
617	954
619	954
621	954
623	954
627	950
629	950
633	948
637	948
639	946
641	946
645	944
647	944
651	942
653	942
657	942
657	940
663	938
667	934
673	928
679	924
683	920
687	916
693	914
697	908
701	906
703	902
705	902
705	898
707	898
707	896
709	896
709	894
711	890
713	886
715	886
717	882
719	880
719	878
723	874
723	870
725	868
727	868
727	866
729	866
729	862
733	862
735	860
737	856
739	854
739	852
741	850
743	846
745	844
747	840
749	838
749	836
751	832
753	830
755	826
755	824
757	822
757	820
757	818
757	814
761	812
763	810
763	806
763	804
763	802
765	798
765	796
767	794
767	792
769	792
769	790
771	790
773	786
775	784
777	784
779	784
781	784
783	784
785	784
787	782
789	782
793	782
799	782
803	782
809	782
813	782
817	782
819	782
823	784
825	786
827	790
829	790
831	794
833	796
835	796
835	798
837	798
837	802
841	802
843	802
847	804
849	808
853	808
855	808
859	810
861	812
865	814
869	814
873	816
877	818
881	820
885	822
887	822
891	824
893	824
893	826
897	826
899	826
901	826
903	826
907	826
911	826
911	824
915	822
917	820
921	820
923	818
923	814
925	810
929	808
929	804
931	802
935	798
935	796
935	794
937	794
937	790
939	788
943	786
945	782
951	776
955	770
957	766
961	760
961	758
963	754
963	752
965	748
967	746
969	742
973	736
975	732
975	730
979	728
979	726
979	722
983	720
985	718
987	714
989	712
991	708
993	706
995	702
999	700
1001	696
1003	694
1007	690
1009	688
1011	686
1013	682
1017	680
1017	676
1019	674
1019	676
1021	678
1023	678
1025	678
1027	678
1031	680
1033	680
1037	680
1041	682
1043	682
1047	682
1049	682
1053	682
1057	684
1061	684
1065	684
1067	684
1069	684
1071	684
1075	684
1077	684
1081	684
1083	684
1087	684
1089	684
1093	684
1099	684
1101	680
1105	678
1111	674
1115	672
1117	670
1121	666
1127	662
1129	660
1133	656
1135	652
1135	650
1139	646
1139	644
1139	642
1141	638
1141	636
1145	636
1145	634
1147	634
1147	632
1147	628
1149	624
1149	622
1149	616
1149	614
1151	610
1151	606
1151	604
1151	600
1151	596
1151	594
1151	592
1151	590
1151	588
1151	586
1151	584
1151	580
1151	578
1151	572
1151	570
1149	566
1145	564
1145	562
1145	560
1143	560
1141	558
1137	558
1137	556
1135	554
1135	552
1131	550
1129	548
1129	546
1127	546
1127	544
1125	544
1125	542
1125	540
1121	540
1121	538
1121	536
1121	534
1121	532
1121	530
1121	528
1121	526
1121	524
1121	522
1121	518
1121	516
1119	512
1119	510
1119	508
1119	506
1117	504
1117	500
1115	500
1115	498
1113	496
1113	494
1111	494
1111	492
1111	490
1109	490
1109	486
1107	486
1107	484
1105	480
1101	476
1099	474
1099	472
1095	472
1095	470
1093	470
1093	468
1089	468
1089	466
1087	466
1087	462
1083	462
1081	458
1079	458
1079	456
1075	456
1075	454
1073	454
1071	452
1069	450
1069	448
1069	446
1067	444
1067	442
1067	438
1065	436
1061	432
1061	430
1061	426
1059	424
1055	424
1055	422
1055	420
1051	420
1051	418
1049	418
1049	416
1047	416
1047	412
1045	410
1045	408
1043	406
1041	404
1039	400
1035	394
1035	392
1031	388
1029	386
1027	382
1025	382
1025	378
1025	376
1025	374
1023	372
1019	372
1019	370
1019	368
1015	368
1015	366
1013	364
1013	362
1011	362
1009	360
1007	358
1007	356
1005	354
1003	352
1003	348
1001	348
1001	346
999	346
999	344
997	344
997	342
995	340
995	338
991	338
991	336
989	334
989	332
989	330
989	326
989	320
989	318
989	316
991	314
991	312
995	312
995	306
999	306
1001	302
1001	300
1001	298
1001	296
1001	294
1001	292
1001	288
1001	286
1001	282
1001	278
1001	274
1001	268
1001	266
1001	262
1001	256
1001	252
1001	250
1001	248
999	246
997	246
995	246
995	244
993	244
991	244
989	244
987	244
985	244
983	244
981	244
979	244
977	242
975	242
973	242
971	242
969	242
967	242
965	242
963	242
961	242
959	242
957	242
955	242
953	242
951	242
949	242
947	242
943	242
943	244
939	244
937	244
937	246
935	246
933	248
933	250
931	252
929	256
929	258
929	260
927	262
927	264
927	266
925	268
925	270
921	274
921	276
919	278
919	280
919	282
919	284
919	286
919	290
917	292
917	294
917	296
917	298
915	300
915	302
913	302
913	304
911	304
909	304
907	304
905	304
903	304
901	304
899	304
893	306
891	306
889	306
887	306
885	306
883	306
881	306
879	306
877	306
875	306
873	306
871	306
869	304
867	304
865	304
863	304
863	302
859	302
857	300
855	300
851	300
845	296
843	294
839	294
833	294
831	294
825	294
823	294
819	294
817	294
815	294
811	294
809	294
805	294
799	294
793	294
791	294
787	294
783	294
779	294
773	294
771	296
765	296
763	296
759	300
757	300
757	302
755	302
753	304
751	306
749	308
749	310
747	314
747	316
745	318
745	322
743	324
741	324
741	328
737	328
737	330
735	334
733	336
733	338
731	338
731	340
731	342
729	342
729	340
729	338
729	336
727	332
727	330
725	328
725	326
723	326
723	322
721	322
719	322
717	322
715	322
711	322
707	322
707	324
703	324
701	326
699	326
697	326
697	330
695	332
693	332
691	334
691	336
689	338
689	340
689	342
689	344
685	348
685	352
685	354
685	356
685	360
685	362
685	366
685	368
685	370
685	372
683	376
683	380
681	380
677	384
677	388
675	390
675	392
675	394
673	396
671	396
671	398
667	402
667	404
663	404
661	408
661	412
659	414
659	416
659	420
659	422
657	426
657	432
657	438
655	444
655	450
655	454
655	456
655	458
655	460
653	462
653	464
651	464
651	466
649	466
647	466
645	466
643	466
641	466
639	466
635	466
635	464
631	462
629	460
625	458
623	456
623	454
621	454
621	450
619	450
617	448
615	446
613	444
609	444
607	442
603	440
599	438
595	436
589	434
583	434
581	432
579	430
573	430
569	430
567	430
563	430
561	430
559	430
555	430
553	430
551	430
549	430
547	430
545	430
541	430
539	430
537	430
533	430
531	430
525	430
519	430
517	430
513	430
509	430
507	430
505	430
503	432
497	432
497	434
493	434
491	436
487	440
485	442
483	444
481	444
479	446
479	450
477	450
477	452
473	456
471	458
469	460
467	460
467	462
465	462
465	464
463	464
461	466
459	466
459	470
457	470
457	472
457	474
455	474
449	478
