236.5000	4.0952
235.4762	5.1190
233.4286	6.1429
232.4048	8.1905
232.4048	9.2143
232.4048	10.2381
231.3810	10.2381
231.3810	11.2619
231.3810	12.2857
231.3810	13.3095
230.3572	14.3333
230.3572	15.3571
228.3096	15.3571
228.3096	16.3810
228.3096	17.4048
227.2858	17.4048
227.2858	19.4524
227.2858	20.4762
226.2619	20.4762
226.2619	21.5000
225.2381	21.5000
225.2381	22.5238
223.1905	24.5714
223.1905	25.5952
223.1905	26.6191
223.1905	27.6429
222.1667	27.6429
222.1667	28.6667
220.1191	28.6667
220.1191	29.6905
220.1191	30.7143
219.0953	31.7381
219.0953	32.7619
218.0715	32.7619
218.0715	33.7857
217.0477	33.7857
217.0477	35.8333
216.0239	36.8571
216.0239	38.9048
216.0239	39.9286
215.0000	40.9524
213.9762	43.0000
213.9762	44.0238
212.9524	45.0476
212.9524	46.0714
211.9286	48.1191
211.9286	49.1429
211.9286	50.1667
211.9286	51.1905
211.9286	53.2381
211.9286	54.2619
211.9286	56.3095
211.9286	57.3333
211.9286	58.3572
211.9286	59.3810
211.9286	60.4048
211.9286	61.4286
211.9286	63.4762
211.9286	65.5238
210.9048	67.5714
210.9048	69.6191
209.8810	71.6667
208.8572	73.7143
207.8334	74.7381
207.8334	77.8095
205.7858	78.8333
205.7858	80.8810
205.7858	81.9048
205.7858	83.9524
205.7858	86.0000
205.7858	87.0238
203.7381	87.0238
203.7381	89.0714
203.7381	90.0953
203.7381	91.1191
203.7381	92.1429
202.7143	94.1905
202.7143	95.2143
202.7143	96.2381
202.7143	97.2619
202.7143	98.2857
202.7143	99.3095
200.6667	101.3572
200.6667	103.4048
199.6429	104.4286
198.6191	104.4286
198.6191	106.4762
198.6191	105.4524
197.5953	104.4286
196.5715	104.4286
196.5715	103.4048
196.5715	102.3810
196.5715	101.3572
196.5715	100.3334
195.5477	99.3095
194.5238	98.2857
194.5238	97.2619
194.5238	96.2381
193.5000	96.2381
193.5000	95.2143
192.4762	95.2143
192.4762	94.1905
192.4762	93.1667
190.4286	93.1667
190.4286	92.1429
190.4286	91.1191
190.4286	90.0953
190.4286	89.0714
190.4286	88.0476
188.3810	88.0476
188.3810	86.0000
188.3810	84.9762
187.3572	83.9524
187.3572	82.9286
187.3572	81.9048
185.3096	81.9048
185.3096	80.8810
185.3096	79.8572
185.3096	77.8095
185.3096	76.7857
185.3096	75.7619
185.3096	74.7381
184.2857	73.7143
184.2857	72.6905
184.2857	71.6667
184.2857	70.6429
182.2381	70.6429
182.2381	69.6191
182.2381	68.5953
182.2381	67.5714
182.2381	66.5476
182.2381	65.5238
181.2143	65.5238
181.2143	64.5000
181.2143	63.4762
181.2143	62.4524
180.1905	62.4524
179.1667	62.4524
178.1429	62.4524
177.1191	62.4524
176.0953	62.4524
175.0715	62.4524
175.0715	63.4762
173.0238	63.4762
172.0000	64.5000
170.9762	65.5238
169.9524	66.5476
169.9524	67.5714
169.9524	68.5953
168.9286	68.5953
168.9286	70.6429
168.9286	71.6667
168.9286	73.7143
167.9048	73.7143
166.8810	73.7143
166.8810	75.7619
166.8810	77.8095
165.8572	78.8333
165.8572	80.8810
165.8572	81.9048
165.8572	82.9286
165.8572	83.9524
165.8572	84.9762
165.8572	86.0000
165.8572	88.0476
165.8572	90.0953
165.8572	91.1191
165.8572	93.1667
165.8572	94.1905
165.8572	96.2381
165.8572	97.2619
164.8334	99.3095
164.8334	100.3334
163.8096	101.3572
163.8096	102.3810
163.8096	103.4048
163.8096	105.4524
161.7619	105.4524
160.7381	107.5000
159.7143	108.5238
157.6667	110.5714
157.6667	111.5953
155.6191	111.5953
154.5953	111.5953
154.5953	112.6191
153.5715	113.6429
153.5715	114.6667
152.5476	115.6905
152.5476	116.7143
152.5476	117.7381
151.5238	117.7381
151.5238	118.7619
151.5238	119.7857
151.5238	121.8334
151.5238	122.8572
151.5238	123.8810
151.5238	124.9048
153.5715	124.9048
153.5715	125.9286
153.5715	127.9762
154.5953	129.0000
156.6429	130.0238
156.6429	132.0715
156.6429	133.0953
157.6667	134.1191
157.6667	135.1429
157.6667	136.1667
157.6667	137.1905
157.6667	138.2143
157.6667	139.2381
157.6667	140.2619
157.6667	141.2857
156.6429	141.2857
155.6191	141.2857
153.5715	143.3334
152.5476	143.3334
150.5000	143.3334
147.4286	143.3334
144.3572	143.3334
143.3334	143.3334
141.2857	141.2857
140.2619	140.2619
140.2619	141.2857
140.2619	143.3334
141.2857	145.3810
141.2857	146.4048
143.3334	149.4762
144.3572	150.5000
145.3810	152.5476
145.3810	154.5953
147.4286	155.6191
147.4286	156.6429
148.4524	158.6905
149.4762	158.6905
150.5000	159.7143
151.5238	161.7619
153.5715	162.7857
154.5953	163.8096
155.6191	165.8572
155.6191	166.8810
157.6667	167.9048
157.6667	168.9286
158.6905	170.9762
158.6905	172.0000
160.7381	174.0477
160.7381	176.0953
160.7381	178.1429
162.7857	180.1905
163.8096	181.2143
163.8096	182.2381
163.8096	183.2619
163.8096	184.2857
163.8096	185.3096
163.8096	186.3334
163.8096	187.3572
163.8096	188.3810
163.8096	189.4048
163.8096	190.4286
163.8096	191.4524
161.7619	193.5000
161.7619	194.5238
160.7381	194.5238
160.7381	196.5715
160.7381	197.5953
159.7143	199.6429
159.7143	200.6667
158.6905	201.6905
158.6905	203.7381
157.6667	204.7619
157.6667	206.8096
157.6667	207.8334
157.6667	209.8810
157.6667	210.9048
157.6667	211.9286
157.6667	212.9524
157.6667	213.9762
155.6191	213.9762
155.6191	215.0000
155.6191	216.0239
154.5953	217.0477
154.5953	218.0715
154.5953	219.0953
152.5476	221.1429
151.5238	222.1667
151.5238	224.2143
151.5238	225.2381
151.5238	227.2858
150.5000	228.3096
148.4524	230.3572
148.4524	231.3810
148.4524	232.4048
147.4286	232.4048
147.4286	233.4286
146.4048	233.4286
146.4048	234.4524
145.3810	234.4524
145.3810	235.4762
144.3572	235.4762
144.3572	236.5000
144.3572	237.5239
144.3572	238.5477
144.3572	239.5715
143.3334	239.5715
143.3334	240.5953
143.3334	241.6191
143.3334	242.6429
142.3096	243.6667
141.2857	244.6905
140.2619	245.7143
140.2619	246.7381
139.2381	247.7620
139.2381	248.7858
137.1905	248.7858
137.1905	249.8096
136.1667	249.8096
135.1429	250.8334
134.1191	250.8334
133.0953	250.8334
132.0715	250.8334
131.0476	250.8334
130.0238	250.8334
129.0000	250.8334
127.9762	250.8334
126.9524	250.8334
125.9286	250.8334
124.9048	250.8334
123.8810	250.8334
122.8572	250.8334
121.8334	250.8334
120.8095	250.8334
119.7857	250.8334
117.7381	250.8334
115.6905	250.8334
114.6667	250.8334
113.6429	250.8334
112.6191	250.8334
111.5953	249.8096
110.5714	248.7858
110.5714	247.7620
108.5238	247.7620
107.5000	246.7381
106.4762	246.7381
106.4762	244.6905
105.4524	244.6905
104.4286	244.6905
103.4048	244.6905
102.3810	244.6905
102.3810	243.6667
101.3572	243.6667
101.3572	244.6905
101.3572	245.7143
101.3572	246.7381
101.3572	247.7620
100.3334	248.7858
100.3334	250.8334
100.3334	251.8572
100.3334	252.8810
100.3334	253.9048
100.3334	254.9286
101.3572	254.9286
101.3572	255.9524
102.3810	255.9524
103.4048	258.0000
103.4048	259.0239
104.4286	259.0239
104.4286	260.0477
106.4762	260.0477
106.4762	261.0715
106.4762	262.0953
106.4762	263.1191
107.5000	264.1429
107.5000	265.1667
109.5476	265.1667
109.5476	266.1905
109.5476	267.2143
110.5714	267.2143
110.5714	268.2381
111.5953	268.2381
111.5953	269.2620
112.6191	270.2858
112.6191	271.3096
113.6429	271.3096
113.6429	272.3334
113.6429	274.3810
113.6429	275.4048
113.6429	277.4524
113.6429	278.4762
113.6429	280.5239
113.6429	281.5477
113.6429	283.5953
114.6667	284.6191
114.6667	286.6667
115.6905	286.6667
115.6905	288.7143
115.6905	289.7382
115.6905	290.7620
115.6905	291.7858
115.6905	293.8334
115.6905	294.8572
115.6905	295.8810
114.6667	296.9048
113.6429	296.9048
111.5953	296.9048
109.5476	296.9048
106.4762	296.9048
104.4286	296.9048
102.3810	296.9048
101.3572	297.9286
99.3095	297.9286
99.3095	298.9524
99.3095	299.9762
99.3095	301.0001
99.3095	302.0239
98.2857	302.0239
98.2857	303.0477
97.2619	304.0715
96.2381	305.0953
96.2381	306.1191
95.2143	306.1191
95.2143	308.1667
95.2143	309.1905
94.1905	309.1905
94.1905	310.2143
93.1667	310.2143
93.1667	312.2620
92.1429	312.2620
92.1429	313.2858
91.1191	313.2858
90.0953	313.2858
89.0714	314.3096
88.0476	314.3096
88.0476	315.3334
88.0476	316.3572
87.0238	317.3810
87.0238	318.4048
86.0000	318.4048
86.0000	319.4286
86.0000	320.4524
86.0000	321.4763
86.0000	322.5001
86.0000	323.5239
86.0000	324.5477
86.0000	325.5715
86.0000	326.5953
86.0000	327.6191
87.0238	327.6191
87.0238	329.6667
87.0238	330.6905
89.0714	330.6905
90.0953	330.6905
91.1191	330.6905
93.1667	330.6905
94.1905	332.7382
96.2381	332.7382
99.3095	332.7382
102.3810	333.7620
104.4286	333.7620
106.4762	333.7620
107.5000	333.7620
108.5238	333.7620
108.5238	331.7143
109.5476	331.7143
109.5476	330.6905
109.5476	329.6667
111.5953	329.6667
112.6191	329.6667
113.6429	329.6667
114.6667	329.6667
115.6905	329.6667
117.7381	329.6667
118.7619	329.6667
120.8095	329.6667
121.8334	329.6667
124.9048	329.6667
126.9524	329.6667
129.0000	329.6667
130.0238	329.6667
132.0715	329.6667
133.0953	329.6667
135.1429	329.6667
136.1667	329.6667
136.1667	330.6905
136.1667	331.7143
137.1905	331.7143
137.1905	332.7382
137.1905	333.7620
137.1905	334.7858
137.1905	335.8096
137.1905	337.8572
137.1905	338.8810
137.1905	340.9286
137.1905	341.9524
137.1905	344.0001
137.1905	345.0239
137.1905	346.0477
137.1905	347.0715
137.1905	348.0953
137.1905	350.1429
137.1905	351.1667
137.1905	353.2144
137.1905	354.2382
136.1667	355.2620
136.1667	356.2858
136.1667	357.3096
135.1429	357.3096
134.1191	359.3572
132.0715	360.3810
132.0715	361.4048
132.0715	362.4286
131.0476	364.4763
131.0476	365.5001
131.0476	367.5477
131.0476	368.5715
131.0476	369.5953
129.0000	369.5953
129.0000	370.6191
129.0000	371.6429
129.0000	372.6667
129.0000	373.6905
129.0000	374.7144
129.0000	375.7382
129.0000	376.7620
129.0000	377.7858
129.0000	379.8334
129.0000	381.8810
129.0000	383.9286
129.0000	384.9525
129.0000	385.9763
129.0000	388.0239
131.0476	389.0477
131.0476	391.0953
132.0715	392.1191
133.0953	394.1667
135.1429	394.1667
136.1667	394.1667
138.2143	394.1667
140.2619	396.2144
143.3334	396.2144
144.3572	396.2144
146.4048	396.2144
147.4286	396.2144
148.4524	396.2144
149.4762	396.2144
150.5000	396.2144
150.5000	397.2382
152.5476	397.2382
152.5476	398.2620
153.5715	399.2858
153.5715	400.3096
153.5715	401.3334
154.5953	402.3572
154.5953	403.3810
154.5953	404.4048
154.5953	405.4286
154.5953	406.4525
154.5953	407.4763
154.5953	409.5239
154.5953	411.5715
154.5953	412.5953
154.5953	414.6429
154.5953	415.6667
154.5953	416.6906
154.5953	417.7144
154.5953	418.7382
154.5953	419.7620
154.5953	420.7858
155.6191	420.7858
155.6191	421.8096
155.6191	422.8334
155.6191	423.8572
157.6667	423.8572
157.6667	425.9048
158.6905	425.9048
158.6905	426.9287
158.6905	427.9525
158.6905	428.9763
159.7143	427.9525
159.7143	426.9287
159.7143	424.8810
160.7381	423.8572
160.7381	421.8096
160.7381	420.7858
161.7619	418.7382
161.7619	417.7144
162.7857	415.6667
162.7857	413.6191
162.7857	412.5953
162.7857	410.5477
163.8096	410.5477
163.8096	409.5239
164.8334	408.5001
164.8334	406.4525
165.8572	406.4525
165.8572	404.4048
167.9048	404.4048
167.9048	403.3810
168.9286	403.3810
169.9524	403.3810
170.9762	403.3810
170.9762	401.3334
173.0238	401.3334
174.0477	401.3334
175.0715	401.3334
176.0953	401.3334
177.1191	401.3334
179.1667	401.3334
180.1905	401.3334
180.1905	399.2858
181.2143	398.2620
182.2381	397.2382
182.2381	396.2144
183.2619	396.2144
184.2857	395.1906
185.3096	395.1906
186.3334	395.1906
187.3572	395.1906
189.4048	395.1906
190.4286	395.1906
192.4762	395.1906
193.5000	395.1906
195.5477	395.1906
196.5715	395.1906
197.5953	395.1906
198.6191	395.1906
199.6429	395.1906
200.6667	395.1906
201.6905	395.1906
202.7143	395.1906
204.7619	395.1906
204.7619	396.2144
205.7858	396.2144
205.7858	397.2382
205.7858	398.2620
206.8096	399.2858
207.8334	399.2858
208.8572	400.3096
208.8572	401.3334
209.8810	402.3572
210.9048	403.3810
211.9286	403.3810
211.9286	404.4048
212.9524	404.4048
213.9762	404.4048
213.9762	405.4286
215.0000	405.4286
216.0239	405.4286
217.0477	405.4286
217.0477	407.4763
219.0953	407.4763
221.1429	408.5001
223.1905	408.5001
225.2381	409.5239
227.2858	409.5239
228.3096	409.5239
229.3334	409.5239
230.3572	409.5239
230.3572	408.5001
230.3572	407.4763
231.3810	407.4763
231.3810	406.4525
231.3810	405.4286
229.3334	405.4286
229.3334	404.4048
228.3096	404.4048
228.3096	403.3810
228.3096	402.3572
227.2858	400.3096
227.2858	399.2858
227.2858	397.2382
226.2619	397.2382
226.2619	395.1906
225.2381	394.1667
225.2381	393.1429
225.2381	392.1191
225.2381	391.0953
225.2381	390.0715
225.2381	389.0477
225.2381	388.0239
225.2381	385.9763
225.2381	384.9525
225.2381	383.9286
225.2381	382.9048
225.2381	381.8810
225.2381	380.8572
226.2619	380.8572
226.2619	378.8096
227.2858	377.7858
228.3096	377.7858
229.3334	376.7620
231.3810	376.7620
232.4048	376.7620
234.4524	376.7620
235.4762	376.7620
237.5239	376.7620
238.5477	376.7620
240.5953	376.7620
241.6191	376.7620
244.6905	377.7858
245.7143	377.7858
246.7381	378.8096
247.7620	378.8096
248.7858	379.8334
250.8334	379.8334
250.8334	381.8810
251.8572	381.8810
252.8810	382.9048
253.9048	382.9048
253.9048	383.9286
254.9286	383.9286
254.9286	384.9525
255.9524	384.9525
255.9524	385.9763
258.0000	385.9763
259.0239	387.0001
260.0477	387.0001
261.0715	388.0239
262.0953	388.0239
263.1191	388.0239
264.1429	388.0239
267.2143	388.0239
269.2620	388.0239
272.3334	388.0239
273.3572	388.0239
275.4048	388.0239
277.4524	388.0239
278.4762	388.0239
279.5001	388.0239
281.5477	388.0239
283.5953	388.0239
286.6667	388.0239
289.7382	388.0239
292.8096	388.0239
294.8572	388.0239
296.9048	390.0715
298.9524	390.0715
299.9762	390.0715
301.0001	390.0715
303.0477	390.0715
305.0953	391.0953
306.1191	391.0953
307.1429	391.0953
308.1667	391.0953
309.1905	392.1191
311.2382	392.1191
311.2382	393.1429
313.2858	393.1429
315.3334	394.1667
317.3810	394.1667
319.4286	394.1667
320.4524	394.1667
322.5001	394.1667
323.5239	395.1906
322.5001	394.1667
322.5001	393.1429
321.4763	391.0953
320.4524	390.0715
319.4286	390.0715
319.4286	388.0239
317.3810	387.0001
314.3096	384.9525
313.2858	383.9286
312.2620	383.9286
312.2620	381.8810
311.2382	380.8572
310.2143	380.8572
308.1667	378.8096
307.1429	377.7858
307.1429	376.7620
306.1191	376.7620
306.1191	375.7382
306.1191	374.7144
306.1191	373.6905
304.0715	373.6905
304.0715	372.6667
304.0715	371.6429
304.0715	370.6191
304.0715	369.5953
304.0715	367.5477
304.0715	366.5239
304.0715	365.5001
304.0715	364.4763
305.0953	364.4763
306.1191	364.4763
308.1667	364.4763
310.2143	366.5239
311.2382	366.5239
313.2858	367.5477
314.3096	367.5477
314.3096	366.5239
314.3096	365.5001
314.3096	364.4763
314.3096	362.4286
312.2620	361.4048
311.2382	359.3572
309.1905	356.2858
308.1667	355.2620
308.1667	353.2144
307.1429	352.1905
305.0953	350.1429
304.0715	348.0953
304.0715	347.0715
303.0477	345.0239
303.0477	344.0001
303.0477	341.9524
302.0239	341.9524
302.0239	339.9048
302.0239	338.8810
302.0239	337.8572
302.0239	336.8334
302.0239	335.8096
301.0001	334.7858
301.0001	332.7382
301.0001	331.7143
301.0001	330.6905
301.0001	329.6667
301.0001	328.6429
299.9762	327.6191
299.9762	325.5715
297.9286	325.5715
296.9048	324.5477
296.9048	322.5001
296.9048	321.4763
294.8572	319.4286
293.8334	318.4048
292.8096	316.3572
291.7858	315.3334
290.7620	313.2858
290.7620	312.2620
290.7620	311.2382
290.7620	310.2143
289.7382	309.1905
289.7382	308.1667
288.7143	307.1429
287.6905	306.1191
286.6667	306.1191
285.6429	304.0715
284.6191	304.0715
282.5715	302.0239
281.5477	301.0001
280.5239	298.9524
279.5001	297.9286
277.4524	295.8810
277.4524	294.8572
276.4286	294.8572
275.4048	294.8572
275.4048	292.8096
275.4048	291.7858
274.3810	290.7620
274.3810	289.7382
274.3810	288.7143
273.3572	287.6905
273.3572	285.6429
273.3572	284.6191
273.3572	283.5953
273.3572	284.6191
273.3572	285.6429
274.3810	285.6429
275.4048	285.6429
276.4286	285.6429
278.4762	285.6429
280.5239	285.6429
281.5477	285.6429
282.5715	285.6429
283.5953	285.6429
284.6191	285.6429
285.6429	285.6429
286.6667	285.6429
288.7143	285.6429
289.7382	285.6429
290.7620	285.6429
290.7620	284.6191
291.7858	284.6191
291.7858	283.5953
291.7858	282.5715
291.7858	281.5477
291.7858	280.5239
291.7858	279.5001
291.7858	277.4524
290.7620	277.4524
289.7382	276.4286
287.6905	276.4286
287.6905	274.3810
285.6429	274.3810
284.6191	272.3334
282.5715	271.3096
279.5001	270.2858
278.4762	269.2620
276.4286	268.2381
276.4286	267.2143
275.4048	267.2143
275.4048	265.1667
274.3810	265.1667
274.3810	264.1429
274.3810	263.1191
273.3572	262.0953
273.3572	260.0477
272.3334	260.0477
272.3334	259.0239
272.3334	256.9762
272.3334	255.9524
272.3334	254.9286
270.2858	252.8810
270.2858	251.8572
270.2858	248.7858
270.2858	246.7381
270.2858	245.7143
270.2858	243.6667
270.2858	242.6429
270.2858	240.5953
270.2858	239.5715
270.2858	238.5477
270.2858	237.5239
270.2858	236.5000
270.2858	235.4762
270.2858	234.4524
270.2858	233.4286
270.2858	232.4048
269.2620	230.3572
269.2620	229.3334
269.2620	228.3096
269.2620	226.2619
269.2620	225.2381
269.2620	223.1905
269.2620	222.1667
269.2620	221.1429
269.2620	220.1191
269.2620	218.0715
269.2620	216.0239
270.2858	213.9762
270.2858	211.9286
270.2858	209.8810
271.3096	208.8572
271.3096	207.8334
271.3096	206.8096
272.3334	205.7858
273.3572	204.7619
274.3810	203.7381
274.3810	202.7143
274.3810	201.6905
274.3810	200.6667
275.4048	199.6429
275.4048	197.5953
275.4048	196.5715
275.4048	195.5477
275.4048	193.5000
275.4048	192.4762
275.4048	191.4524
275.4048	189.4048
276.4286	189.4048
276.4286	187.3572
276.4286	186.3334
276.4286	185.3096
276.4286	184.2857
278.4762	183.2619
278.4762	182.2381
278.4762	180.1905
278.4762	179.1667
278.4762	177.1191
279.5001	177.1191
279.5001	175.0715
281.5477	173.0238
281.5477	172.0000
281.5477	170.9762
281.5477	168.9286
282.5715	167.9048
284.6191	165.8572
284.6191	164.8334
284.6191	161.7619
285.6429	160.7381
287.6905	158.6905
287.6905	156.6429
287.6905	155.6191
288.7143	154.5953
289.7382	154.5953
289.7382	152.5476
290.7620	152.5476
290.7620	151.5238
290.7620	150.5000
291.7858	150.5000
291.7858	149.4762
292.8096	149.4762
292.8096	148.4524
294.8572	148.4524
294.8572	146.4048
295.8810	146.4048
295.8810	145.3810
296.9048	145.3810
296.9048	143.3334
297.9286	143.3334
298.9524	142.3096
299.9762	142.3096
299.9762	141.2857
301.0001	141.2857
301.0001	140.2619
302.0239	140.2619
302.0239	141.2857
302.0239	143.3334
302.0239	145.3810
303.0477	146.4048
303.0477	147.4286
304.0715	148.4524
304.0715	149.4762
304.0715	150.5000
304.0715	151.5238
305.0953	152.5476
305.0953	153.5715
306.1191	153.5715
306.1191	154.5953
306.1191	155.6191
307.1429	155.6191
308.1667	156.6429
309.1905	156.6429
310.2143	158.6905
311.2382	158.6905
311.2382	159.7143
313.2858	159.7143
314.3096	159.7143
314.3096	160.7381
316.3572	160.7381
317.3810	160.7381
318.4048	161.7619
319.4286	161.7619
321.4763	162.7857
322.5001	162.7857
323.5239	162.7857
324.5477	162.7857
325.5715	162.7857
326.5953	162.7857
328.6429	162.7857
329.6667	162.7857
331.7143	162.7857
332.7382	162.7857
334.7858	162.7857
335.8096	162.7857
336.8334	162.7857
337.8572	162.7857
337.8572	160.7381
339.9048	160.7381
339.9048	159.7143
340.9286	159.7143
341.9524	159.7143
341.9524	160.7381
341.9524	161.7619
341.9524	162.7857
341.9524	163.8096
341.9524	164.8334
340.9286	166.8810
340.9286	167.9048
338.8810	167.9048
337.8572	168.9286
337.8572	169.9524
336.8334	170.9762
336.8334	172.0000
335.8096	173.0238
335.8096	174.0477
335.8096	175.0715
335.8096	176.0953
333.7620	176.0953
333.7620	177.1191
333.7620	178.1429
333.7620	179.1667
333.7620	180.1905
332.7382	181.2143
332.7382	183.2619
332.7382	185.3096
331.7143	186.3334
331.7143	188.3810
331.7143	189.4048
331.7143	190.4286
331.7143	192.4762
331.7143	193.5000
331.7143	194.5238
331.7143	195.5477
331.7143	196.5715
331.7143	197.5953
331.7143	198.6191
332.7382	198.6191
333.7620	198.6191
333.7620	197.5953
334.7858	197.5953
334.7858	196.5715
336.8334	196.5715
337.8572	195.5477
337.8572	194.5238
338.8810	193.5000
338.8810	192.4762
339.9048	191.4524
339.9048	190.4286
339.9048	189.4048
339.9048	188.3810
340.9286	187.3572
340.9286	186.3334
341.9524	185.3096
341.9524	183.2619
341.9524	182.2381
341.9524	181.2143
341.9524	180.1905
344.0001	180.1905
345.0239	178.1429
346.0477	177.1191
346.0477	176.0953
347.0715	176.0953
347.0715	175.0715
348.0953	175.0715
348.0953	174.0477
349.1191	173.0238
349.1191	172.0000
350.1429	170.9762
350.1429	169.9524
352.1905	169.9524
352.1905	168.9286
352.1905	166.8810
353.2144	166.8810
353.2144	165.8572
353.2144	166.8810
353.2144	167.9048
353.2144	168.9286
353.2144	169.9524
353.2144	170.9762
353.2144	172.0000
353.2144	174.0477
353.2144	176.0953
354.2382	177.1191
354.2382	179.1667
355.2620	180.1905
355.2620	181.2143
355.2620	182.2381
356.2858	183.2619
356.2858	185.3096
356.2858	187.3572
357.3096	188.3810
359.3572	189.4048
359.3572	190.4286
360.3810	190.4286
360.3810	191.4524
362.4286	192.4762
363.4525	193.5000
363.4525	194.5238
363.4525	195.5477
363.4525	196.5715
364.4763	197.5953
364.4763	198.6191
366.5239	198.6191
366.5239	199.6429
367.5477	199.6429
368.5715	201.6905
368.5715	202.7143
369.5953	203.7381
369.5953	204.7619
371.6429	204.7619
371.6429	205.7858
371.6429	206.8096
372.6667	206.8096
372.6667	208.8572
373.6905	208.8572
373.6905	210.9048
374.7144	211.9286
374.7144	212.9524
374.7144	213.9762
374.7144	215.0000
375.7382	217.0477
377.7858	218.0715
377.7858	220.1191
379.8334	221.1429
380.8572	222.1667
380.8572	224.2143
380.8572	225.2381
382.9048	225.2381
383.9286	227.2858
384.9525	229.3334
387.0001	229.3334
387.0001	230.3572
387.0001	232.4048
387.0001	233.4286
387.0001	234.4524
387.0001	235.4762
389.0477	235.4762
389.0477	236.5000
389.0477	237.5239
390.0715	237.5239
390.0715	238.5477
391.0953	238.5477
391.0953	237.5239
392.1191	235.4762
393.1429	233.4286
393.1429	231.3810
394.1667	230.3572
394.1667	229.3334
395.1906	228.3096
395.1906	227.2858
396.2144	226.2619
396.2144	225.2381
398.2620	225.2381
398.2620	224.2143
399.2858	224.2143
400.3096	223.1905
400.3096	221.1429
402.3572	220.1191
403.3810	218.0715
405.4286	218.0715
406.4525	216.0239
407.4763	215.0000
408.5001	213.9762
409.5239	212.9524
410.5477	212.9524
411.5715	211.9286
411.5715	209.8810
412.5953	209.8810
412.5953	207.8334
413.6191	206.8096
414.6429	206.8096
415.6667	206.8096
415.6667	204.7619
416.6906	203.7381
417.7144	203.7381
417.7144	202.7143
417.7144	200.6667
419.7620	200.6667
419.7620	199.6429
419.7620	197.5953
419.7620	196.5715
419.7620	195.5477
419.7620	194.5238
419.7620	193.5000
419.7620	192.4762
419.7620	191.4524
419.7620	190.4286
419.7620	189.4048
417.7144	189.4048
417.7144	188.3810
417.7144	187.3572
417.7144	186.3334
417.7144	185.3096
417.7144	184.2857
416.6906	183.2619
416.6906	181.2143
416.6906	180.1905
416.6906	179.1667
416.6906	178.1429
416.6906	177.1191
416.6906	176.0953
416.6906	175.0715
416.6906	174.0477
416.6906	172.0000
416.6906	170.9762
416.6906	168.9286
416.6906	166.8810
416.6906	165.8572
416.6906	163.8096
417.7144	163.8096
417.7144	161.7619
417.7144	160.7381
417.7144	159.7143
417.7144	158.6905
417.7144	157.6667
417.7144	156.6429
417.7144	155.6191
417.7144	154.5953
417.7144	152.5476
417.7144	151.5238
417.7144	150.5000
417.7144	148.4524
418.7382	148.4524
418.7382	146.4048
418.7382	145.3810
418.7382	144.3572
418.7382	143.3334
418.7382	142.3096
418.7382	139.2381
418.7382	136.1667
418.7382	135.1429
418.7382	132.0715
418.7382	131.0476
418.7382	130.0238
418.7382	129.0000
418.7382	127.9762
418.7382	126.9524
418.7382	125.9286
418.7382	124.9048
418.7382	122.8572
418.7382	121.8334
418.7382	120.8095
418.7382	119.7857
416.6906	119.7857
416.6906	117.7381
416.6906	116.7143
415.6667	116.7143
415.6667	115.6905
415.6667	113.6429
415.6667	111.5953
415.6667	110.5714
415.6667	109.5476
415.6667	108.5238
416.6906	108.5238
417.7144	108.5238
418.7382	108.5238
420.7858	108.5238
422.8334	108.5238
423.8572	108.5238
424.8810	108.5238
425.9048	108.5238
426.9287	108.5238
428.9763	108.5238
430.0001	108.5238
431.0239	108.5238
433.0715	108.5238
435.1191	110.5714
436.1429	110.5714
438.1906	110.5714
440.2382	112.6191
441.2620	112.6191
443.3096	113.6429
444.3334	113.6429
445.3572	113.6429
447.4048	113.6429
447.4048	114.6667
449.4525	116.7143
450.4763	116.7143
450.4763	117.7381
450.4763	118.7619
451.5001	118.7619
452.5239	118.7619
452.5239	119.7857
452.5239	120.8095
452.5239	121.8334
454.5715	121.8334
455.5953	122.8572
455.5953	124.9048
455.5953	125.9286
457.6429	126.9524
458.6668	127.9762
458.6668	129.0000
458.6668	130.0238
458.6668	132.0715
459.6906	132.0715
459.6906	133.0953
461.7382	135.1429
462.7620	135.1429
462.7620	136.1667
464.8096	138.2143
464.8096	139.2381
464.8096	140.2619
464.8096	141.2857
464.8096	142.3096
465.8334	143.3334
465.8334	144.3572
467.8810	144.3572
467.8810	145.3810
468.9049	146.4048
468.9049	147.4286
469.9287	147.4286
470.9525	147.4286
471.9763	147.4286
473.0001	147.4286
473.0001	148.4524
474.0239	148.4524
475.0477	148.4524
476.0715	148.4524
477.0953	148.4524
478.1191	148.4524
479.1429	147.4286
480.1668	146.4048
482.2144	145.3810
482.2144	143.3334
482.2144	142.3096
483.2382	141.2857
483.2382	140.2619
484.2620	139.2381
484.2620	138.2143
484.2620	137.1905
484.2620	136.1667
485.2858	136.1667
485.2858	134.1191
486.3096	133.0953
486.3096	132.0715
487.3334	132.0715
487.3334	130.0238
488.3572	130.0238
489.3810	130.0238
490.4049	130.0238
491.4287	130.0238
492.4525	130.0238
493.4763	130.0238
494.5001	130.0238
496.5477	130.0238
496.5477	132.0715
497.5715	133.0953
498.5953	133.0953
499.6191	133.0953
500.6430	134.1191
500.6430	135.1429
501.6668	135.1429
501.6668	136.1667
502.6906	136.1667
502.6906	138.2143
503.7144	138.2143
503.7144	139.2381
504.7382	140.2619
505.7620	140.2619
505.7620	141.2857
506.7858	142.3096
507.8096	142.3096
508.8334	144.3572
509.8572	144.3572
509.8572	145.3810
510.8810	145.3810
511.9049	146.4048
512.9287	147.4286
512.9287	148.4524
513.9525	148.4524
513.9525	149.4762
514.9763	149.4762
514.9763	150.5000
514.9763	151.5238
517.0239	153.5715
518.0477	153.5715
518.0477	155.6191
519.0715	156.6429
521.1191	158.6905
521.1191	159.7143
522.1430	160.7381
522.1430	161.7619
524.1906	161.7619
524.1906	162.7857
524.1906	163.8096
526.2382	163.8096
526.2382	165.8572
527.2620	166.8810
527.2620	167.9048
528.2858	168.9286
529.3096	168.9286
531.3572	169.9524
532.3811	169.9524
533.4049	172.0000
535.4525	172.0000
537.5001	174.0477
538.5239	175.0715
539.5477	176.0953
539.5477	177.1191
541.5953	177.1191
541.5953	178.1429
541.5953	179.1667
541.5953	180.1905
541.5953	181.2143
542.6192	181.2143
542.6192	183.2619
543.6430	184.2857
543.6430	185.3096
544.6668	187.3572
544.6668	188.3810
544.6668	190.4286
544.6668	191.4524
544.6668	192.4762
544.6668	194.5238
544.6668	195.5477
544.6668	196.5715
544.6668	197.5953
544.6668	198.6191
544.6668	199.6429
544.6668	200.6667
544.6668	201.6905
546.7144	201.6905
546.7144	203.7381
547.7382	203.7381
547.7382	204.7619
549.7858	204.7619
549.7858	205.7858
549.7858	206.8096
550.8096	206.8096
550.8096	207.8334
551.8334	207.8334
551.8334	208.8572
552.8572	208.8572
552.8572	209.8810
554.9049	209.8810
554.9049	210.9048
555.9287	210.9048
556.9525	210.9048
556.9525	212.9524
557.9763	212.9524
557.9763	213.9762
557.9763	215.0000
560.0239	215.0000
560.0239	216.0239
560.0239	217.0477
560.0239	218.0715
560.0239	219.0953
560.0239	220.1191
560.0239	221.1429
560.0239	222.1667
560.0239	223.1905
560.0239	224.2143
559.0001	225.2381
559.0001	226.2619
559.0001	227.2858
559.0001	228.3096
559.0001	229.3334
559.0001	230.3572
559.0001	232.4048
559.0001	234.4524
560.0239	235.4762
560.0239	237.5239
560.0239	238.5477
562.0715	238.5477
563.0953	238.5477
564.1192	240.5953
565.1430	240.5953
566.1668	241.6191
567.1906	241.6191
568.2144	242.6429
569.2382	242.6429
569.2382	244.6905
570.2620	244.6905
570.2620	246.7381
572.3096	247.7620
573.3334	248.7858
574.3573	249.8096
575.3811	249.8096
575.3811	250.8334
576.4049	250.8334
576.4049	251.8572
577.4287	251.8572
577.4287	252.8810
577.4287	254.9286
578.4525	254.9286
578.4525	255.9524
579.4763	255.9524
580.5001	258.0000
581.5239	258.0000
582.5477	258.0000
582.5477	259.0239
583.5715	259.0239
583.5715	258.0000
583.5715	256.9762
583.5715	254.9286
583.5715	253.9048
583.5715	251.8572
582.5477	250.8334
582.5477	249.8096
582.5477	248.7858
582.5477	247.7620
582.5477	246.7381
582.5477	245.7143
581.5239	244.6905
581.5239	243.6667
581.5239	242.6429
581.5239	241.6191
581.5239	239.5715
581.5239	238.5477
581.5239	237.5239
581.5239	236.5000
581.5239	235.4762
581.5239	234.4524
581.5239	233.4286
581.5239	232.4048
581.5239	231.3810
582.5477	230.3572
583.5715	229.3334
583.5715	228.3096
585.6192	228.3096
585.6192	226.2619
586.6430	226.2619
586.6430	225.2381
587.6668	225.2381
589.7144	225.2381
589.7144	224.2143
590.7382	224.2143
591.7620	224.2143
592.7858	223.1905
593.8096	223.1905
595.8573	222.1667
596.8811	222.1667
597.9049	222.1667
598.9287	222.1667
598.9287	221.1429
599.9525	221.1429
600.9763	220.1191
602.0001	220.1191
603.0239	220.1191
605.0715	220.1191
608.1430	220.1191
609.1668	220.1191
612.2382	221.1429
613.2620	223.1905
615.3096	223.1905
617.3573	225.2381
617.3573	226.2619
618.3811	226.2619
619.4049	226.2619
619.4049	228.3096
620.4287	229.3334
621.4525	230.3572
622.4763	231.3810
624.5239	233.4286
626.5715	233.4286
627.5954	235.4762
627.5954	236.5000
628.6192	236.5000
628.6192	237.5239
628.6192	238.5477
628.6192	239.5715
628.6192	240.5953
628.6192	241.6191
628.6192	242.6429
628.6192	243.6667
628.6192	244.6905
629.6430	244.6905
629.6430	246.7381
629.6430	247.7620
630.6668	249.8096
631.6906	250.8334
631.6906	253.9048
632.7144	255.9524
632.7144	256.9762
633.7382	258.0000
633.7382	259.0239
633.7382	260.0477
634.7620	261.0715
634.7620	262.0953
636.8096	262.0953
637.8335	262.0953
637.8335	263.1191
638.8573	263.1191
638.8573	264.1429
639.8811	264.1429
640.9049	265.1667
641.9287	266.1905
642.9525	267.2143
643.9763	267.2143
645.0001	267.2143
647.0477	269.2620
649.0954	270.2858
650.1192	271.3096
652.1668	271.3096
653.1906	272.3334
654.2144	272.3334
655.2382	272.3334
656.2620	272.3334
658.3096	272.3334
658.3096	271.3096
658.3096	269.2620
657.2858	268.2381
657.2858	266.1905
656.2620	265.1667
654.2144	265.1667
653.1906	264.1429
652.1668	264.1429
651.1430	263.1191
650.1192	263.1191
650.1192	262.0953
648.0716	262.0953
647.0477	261.0715
647.0477	260.0477
645.0001	258.0000
643.9763	258.0000
643.9763	256.9762
642.9525	255.9524
642.9525	254.9286
640.9049	254.9286
640.9049	253.9048
640.9049	252.8810
640.9049	251.8572
640.9049	250.8334
640.9049	249.8096
640.9049	248.7858
640.9049	247.7620
640.9049	246.7381
641.9287	245.7143
641.9287	244.6905
643.9763	244.6905
643.9763	243.6667
645.0001	243.6667
646.0239	243.6667
646.0239	242.6429
647.0477	242.6429
648.0716	242.6429
650.1192	242.6429
652.1668	242.6429
654.2144	242.6429
656.2620	242.6429
657.2858	242.6429
658.3096	242.6429
659.3335	242.6429
661.3811	243.6667
662.4049	243.6667
663.4287	245.7143
665.4763	245.7143
665.4763	247.7620
666.5001	248.7858
668.5477	248.7858
669.5716	250.8334
669.5716	251.8572
671.6192	253.9048
672.6430	254.9286
672.6430	255.9524
672.6430	256.9762
672.6430	258.0000
672.6430	260.0477
672.6430	261.0715
672.6430	262.0953
674.6906	262.0953
675.7144	262.0953
676.7382	263.1191
677.7620	263.1191
678.7858	264.1429
679.8097	264.1429
680.8335	264.1429
680.8335	266.1905
680.8335	268.2381
681.8573	269.2620
683.9049	269.2620
683.9049	270.2858
684.9287	272.3334
685.9525	274.3810
688.0001	275.4048
688.0001	277.4524
689.0239	278.4762
689.0239	279.5001
689.0239	280.5239
689.0239	281.5477
690.0478	282.5715
690.0478	284.6191
691.0716	284.6191
691.0716	286.6667
691.0716	287.6905
691.0716	288.7143
691.0716	289.7382
691.0716	290.7620
692.0954	291.7858
692.0954	292.8096
692.0954	293.8334
692.0954	294.8572
693.1192	295.8810
693.1192	296.9048
695.1668	297.9286
695.1668	298.9524
695.1668	299.9762
695.1668	301.0001
697.2144	303.0477
698.2382	303.0477
699.2620	305.0953
700.2858	306.1191
701.3097	306.1191
702.3335	306.1191
702.3335	307.1429
703.3573	307.1429
703.3573	308.1667
703.3573	309.1905
704.3811	309.1905
704.3811	308.1667
704.3811	306.1191
704.3811	305.0953
704.3811	303.0477
704.3811	301.0001
704.3811	299.9762
704.3811	296.9048
704.3811	295.8810
704.3811	293.8334
704.3811	292.8096
704.3811	291.7858
704.3811	290.7620
704.3811	289.7382
704.3811	288.7143
704.3811	287.6905
704.3811	286.6667
704.3811	285.6429
704.3811	284.6191
704.3811	283.5953
705.4049	283.5953
705.4049	282.5715
705.4049	281.5477
705.4049	280.5239
705.4049	279.5001
705.4049	278.4762
705.4049	277.4524
705.4049	276.4286
704.3811	275.4048
704.3811	273.3572
704.3811	272.3334
702.3335	270.2858
701.3097	270.2858
701.3097	269.2620
701.3097	267.2143
700.2858	267.2143
699.2620	266.1905
699.2620	265.1667
698.2382	265.1667
697.2144	264.1429
697.2144	263.1191
697.2144	262.0953
696.1906	261.0715
696.1906	260.0477
696.1906	258.0000
695.1668	258.0000
695.1668	256.9762
695.1668	255.9524
695.1668	254.9286
695.1668	253.9048
695.1668	252.8810
695.1668	251.8572
695.1668	250.8334
695.1668	249.8096
695.1668	248.7858
696.1906	247.7620
697.2144	246.7381
697.2144	245.7143
698.2382	244.6905
699.2620	242.6429
700.2858	242.6429
701.3097	241.6191
701.3097	239.5715
701.3097	238.5477
703.3573	236.5000
703.3573	235.4762
704.3811	235.4762
704.3811	234.4524
704.3811	233.4286
704.3811	232.4048
704.3811	231.3810
704.3811	229.3334
704.3811	227.2858
704.3811	226.2619
704.3811	224.2143
704.3811	222.1667
704.3811	220.1191
702.3335	220.1191
702.3335	218.0715
701.3097	217.0477
701.3097	216.0239
701.3097	215.0000
701.3097	213.9762
701.3097	212.9524
701.3097	211.9286
700.2858	210.9048
700.2858	209.8810
700.2858	208.8572
700.2858	207.8334
700.2858	206.8096
699.2620	206.8096
699.2620	205.7858
699.2620	204.7619
698.2382	202.7143
696.1906	200.6667
695.1668	198.6191
693.1192	196.5715
693.1192	195.5477
692.0954	195.5477
692.0954	194.5238
692.0954	193.5000
691.0716	192.4762
691.0716	191.4524
690.0478	191.4524
690.0478	190.4286
689.0239	190.4286
689.0239	189.4048
689.0239	188.3810
689.0239	186.3334
689.0239	185.3096
689.0239	183.2619
689.0239	181.2143
688.0001	180.1905
688.0001	178.1429
688.0001	176.0953
688.0001	175.0715
685.9525	174.0477
685.9525	173.0238
685.9525	172.0000
685.9525	170.9762
684.9287	169.9524
684.9287	168.9286
684.9287	167.9048
684.9287	166.8810
684.9287	165.8572
682.8811	165.8572
682.8811	164.8334
682.8811	163.8096
682.8811	162.7857
682.8811	161.7619
681.8573	159.7143
681.8573	158.6905
681.8573	157.6667
682.8811	157.6667
683.9049	157.6667
684.9287	157.6667
685.9525	157.6667
685.9525	156.6429
686.9763	156.6429
689.0239	156.6429
689.0239	155.6191
690.0478	154.5953
691.0716	154.5953
693.1192	153.5715
693.1192	152.5476
695.1668	152.5476
695.1668	151.5238
696.1906	151.5238
696.1906	150.5000
696.1906	149.4762
697.2144	149.4762
697.2144	148.4524
698.2382	148.4524
699.2620	147.4286
700.2858	146.4048
702.3335	146.4048
702.3335	145.3810
702.3335	144.3572
703.3573	144.3572
703.3573	142.3096
704.3811	142.3096
704.3811	141.2857
704.3811	140.2619
705.4049	140.2619
705.4049	139.2381
705.4049	138.2143
705.4049	137.1905
705.4049	136.1667
705.4049	134.1191
704.3811	133.0953
701.3097	131.0476
699.2620	130.0238
699.2620	129.0000
698.2382	129.0000
698.2382	127.9762
696.1906	127.9762
695.1668	127.9762
694.1430	127.9762
694.1430	125.9286
693.1192	125.9286
692.0954	125.9286
692.0954	124.9048
691.0716	124.9048
691.0716	122.8572
690.0478	122.8572
689.0239	121.8334
686.9763	119.7857
686.9763	118.7619
685.9525	116.7143
682.8811	115.6905
681.8573	113.6429
680.8335	112.6191
679.8097	112.6191
678.7858	112.6191
678.7858	110.5714
677.7620	109.5476
677.7620	108.5238
676.7382	108.5238
676.7382	107.5000
675.7144	106.4762
675.7144	105.4524
674.6906	103.4048
674.6906	102.3810
672.6430	99.3095
669.5716	98.2857
668.5477	96.2381
667.5239	96.2381
667.5239	94.1905
667.5239	93.1667
666.5001	93.1667
666.5001	91.1191
666.5001	90.0953
666.5001	89.0714
666.5001	88.0476
666.5001	87.0238
666.5001	86.0000
666.5001	83.9524
666.5001	82.9286
666.5001	81.9048
666.5001	80.8810
665.4763	80.8810
665.4763	79.8572
665.4763	78.8333
665.4763	77.8095
663.4287	77.8095
663.4287	75.7619
662.4049	74.7381
662.4049	72.6905
662.4049	71.6667
662.4049	69.6191
662.4049	68.5953
662.4049	66.5476
661.3811	64.5000
661.3811	61.4286
660.3573	59.3810
660.3573	57.3333
660.3573	55.2857
660.3573	54.2619
660.3573	53.2381
660.3573	52.2143
660.3573	51.1905
660.3573	50.1667
658.3096	50.1667
658.3096	49.1429
658.3096	47.0952
657.2858	46.0714
657.2858	45.0476
657.2858	43.0000
657.2858	41.9762
657.2858	39.9286
655.2382	38.9048
655.2382	37.8810
655.2382	36.8571
655.2382	34.8095
655.2382	32.7619
655.2382	31.7381
655.2382	29.6905
655.2382	28.6667
655.2382	27.6429
655.2382	26.6191
655.2382	25.5952
655.2382	24.5714
655.2382	22.5238
655.2382	21.5000
655.2382	19.4524
655.2382	17.4048
655.2382	16.3810
655.2382	14.3333
657.2858	14.3333
657.2858	13.3095
657.2858	11.2619
657.2858	10.2381
659.3335	8.1905
660.3573	8.1905
660.3573	6.1429
660.3573	5.1190
660.3573	4.0952
660.3573	3.0714
662.4049	3.0714
662.4049	2.0476
663.4287	2.0476
663.4287	1.0238
663.4287	0.0000
662.4049	0.0000
661.3811	0.0000
660.3573	0.0000
659.3335	0.0000
658.3096	0.0000
657.2858	0.0000
656.2620	0.0000
655.2382	0.0000
655.2382	1.0238
654.2144	2.0476
653.1906	2.0476
652.1668	3.0714
651.1430	3.0714
650.1192	3.0714
649.0954	3.0714
648.0716	3.0714
647.0477	3.0714
646.0239	3.0714
645.0001	3.0714
643.9763	3.0714
640.9049	3.0714
637.8335	3.0714
635.7858	3.0714
630.6668	3.0714
626.5715	3.0714
623.5001	3.0714
621.4525	3.0714
618.3811	3.0714
617.3573	3.0714
616.3335	3.0714
615.3096	3.0714
614.2858	3.0714
613.2620	3.0714
611.2144	3.0714
610.1906	3.0714
608.1430	3.0714
606.0954	3.0714
604.0477	3.0714
603.0239	3.0714
600.9763	3.0714
599.9525	3.0714
598.9287	2.0476
597.9049	2.0476
595.8573	2.0476
594.8334	2.0476
593.8096	2.0476
592.7858	2.0476
590.7382	2.0476
589.7144	2.0476
588.6906	2.0476
586.6430	2.0476
585.6192	2.0476
583.5715	2.0476
582.5477	2.0476
580.5001	2.0476
578.4525	2.0476
576.4049	2.0476
574.3573	2.0476
573.3334	2.0476
571.2858	2.0476
568.2144	2.0476
566.1668	2.0476
565.1430	2.0476
564.1192	2.0476
562.0715	2.0476
560.0239	2.0476
559.0001	2.0476
557.9763	1.0238
555.9287	1.0238
552.8572	1.0238
551.8334	1.0238
550.8096	1.0238
548.7620	1.0238
547.7382	1.0238
546.7144	1.0238
545.6906	1.0238
544.6668	1.0238
543.6430	1.0238
542.6192	1.0238
541.5953	1.0238
540.5715	1.0238
539.5477	1.0238
538.5239	0.0000
535.4525	0.0000
534.4287	0.0000
532.3811	0.0000
531.3572	0.0000
530.3334	0.0000
527.2620	0.0000
525.2144	0.0000
524.1906	0.0000
520.0953	0.0000
517.0239	0.0000
514.9763	0.0000
512.9287	0.0000
511.9049	0.0000
510.8810	0.0000
509.8572	0.0000
507.8096	0.0000
506.7858	0.0000
504.7382	0.0000
502.6906	0.0000
500.6430	0.0000
498.5953	0.0000
497.5715	0.0000
496.5477	0.0000
494.5001	0.0000
493.4763	0.0000
491.4287	0.0000
490.4049	0.0000
489.3810	0.0000
487.3334	0.0000
486.3096	0.0000
484.2620	0.0000
483.2382	0.0000
482.2144	0.0000
480.1668	0.0000
479.1429	0.0000
478.1191	0.0000
477.0953	0.0000
476.0715	0.0000
475.0477	0.0000
474.0239	0.0000
473.0001	0.0000
471.9763	0.0000
469.9287	0.0000
468.9049	0.0000
467.8810	0.0000
466.8572	0.0000
465.8334	0.0000
465.8334	1.0238
465.8334	2.0476
465.8334	3.0714
465.8334	4.0952
465.8334	5.1190
467.8810	6.1429
467.8810	8.1905
467.8810	9.2143
468.9049	11.2619
470.9525	12.2857
470.9525	14.3333
470.9525	15.3571
471.9763	16.3810
471.9763	17.4048
474.0239	19.4524
474.0239	20.4762
474.0239	22.5238
474.0239	24.5714
475.0477	25.5952
475.0477	26.6191
475.0477	28.6667
475.0477	29.6905
475.0477	30.7143
475.0477	31.7381
475.0477	32.7619
475.0477	33.7857
475.0477	34.8095
475.0477	35.8333
475.0477	36.8571
475.0477	37.8810
475.0477	39.9286
474.0239	39.9286
474.0239	41.9762
471.9763	44.0238
471.9763	45.0476
471.9763	48.1191
470.9525	50.1667
468.9049	50.1667
468.9049	51.1905
468.9049	53.2381
468.9049	54.2619
468.9049	55.2857
468.9049	57.3333
468.9049	59.3810
468.9049	60.4048
468.9049	61.4286
468.9049	62.4524
468.9049	63.4762
468.9049	64.5000
468.9049	66.5476
468.9049	68.5953
468.9049	69.6191
468.9049	71.6667
468.9049	72.6905
468.9049	74.7381
468.9049	75.7619
468.9049	76.7857
468.9049	77.8095
468.9049	78.8333
468.9049	79.8572
468.9049	80.8810
468.9049	81.9048
468.9049	83.9524
468.9049	84.9762
468.9049	86.0000
468.9049	87.0238
467.8810	88.0476
466.8572	88.0476
465.8334	88.0476
464.8096	88.0476
463.7858	88.0476
461.7382	88.0476
460.7144	88.0476
458.6668	86.0000
456.6191	86.0000
455.5953	86.0000
454.5715	86.0000
453.5477	86.0000
452.5239	84.9762
450.4763	84.9762
449.4525	84.9762
448.4287	84.9762
446.3810	84.9762
446.3810	83.9524
445.3572	83.9524
444.3334	83.9524
443.3096	83.9524
441.2620	83.9524
439.2144	83.9524
439.2144	82.9286
438.1906	82.9286
437.1667	82.9286
436.1429	82.9286
435.1191	82.9286
434.0953	82.9286
434.0953	81.9048
433.0715	81.9048
432.0477	81.9048
431.0239	81.9048
431.0239	79.8572
430.0001	79.8572
428.9763	79.8572
427.9525	79.8572
426.9287	79.8572
426.9287	77.8095
425.9048	77.8095
424.8810	76.7857
423.8572	76.7857
423.8572	75.7619
422.8334	75.7619
422.8334	74.7381
421.8096	74.7381
421.8096	73.7143
420.7858	73.7143
419.7620	73.7143
419.7620	72.6905
417.7144	72.6905
416.6906	72.6905
415.6667	72.6905
415.6667	71.6667
414.6429	71.6667
414.6429	70.6429
413.6191	70.6429
412.5953	69.6191
411.5715	68.5953
410.5477	68.5953
410.5477	67.5714
410.5477	66.5476
409.5239	64.5000
409.5239	62.4524
408.5001	61.4286
408.5001	60.4048
406.4525	58.3572
406.4525	57.3333
406.4525	56.3095
405.4286	56.3095
405.4286	55.2857
405.4286	53.2381
404.4048	53.2381
404.4048	51.1905
404.4048	50.1667
404.4048	48.1191
403.3810	47.0952
403.3810	45.0476
403.3810	44.0238
403.3810	43.0000
403.3810	41.9762
403.3810	40.9524
403.3810	39.9286
403.3810	38.9048
403.3810	37.8810
403.3810	36.8571
403.3810	34.8095
403.3810	33.7857
403.3810	31.7381
403.3810	29.6905
403.3810	26.6191
403.3810	25.5952
402.3572	22.5238
402.3572	20.4762
402.3572	19.4524
402.3572	18.4286
402.3572	17.4048
402.3572	16.3810
402.3572	15.3571
402.3572	14.3333
402.3572	13.3095
402.3572	12.2857
402.3572	11.2619
402.3572	10.2381
402.3572	9.2143
402.3572	8.1905
402.3572	7.1667
402.3572	6.1429
402.3572	5.1190
402.3572	4.0952
402.3572	3.0714
402.3572	2.0476
401.3334	2.0476
400.3096	1.0238
399.2858	1.0238
398.2620	1.0238
396.2144	1.0238
394.1667	1.0238
393.1429	1.0238
391.0953	1.0238
390.0715	1.0238
389.0477	1.0238
387.0001	1.0238
385.9763	1.0238
383.9286	1.0238
382.9048	1.0238
381.8810	1.0238
379.8334	1.0238
377.7858	1.0238
375.7382	1.0238
374.7144	1.0238
373.6905	1.0238
372.6667	1.0238
371.6429	1.0238
370.6191	1.0238
368.5715	1.0238
365.5001	1.0238
363.4525	1.0238
360.3810	1.0238
357.3096	0.0000
356.2858	0.0000
354.2382	0.0000
353.2144	0.0000
352.1905	0.0000
351.1667	0.0000
349.1191	0.0000
348.0953	0.0000
346.0477	0.0000
345.0239	0.0000
344.0001	0.0000
340.9286	0.0000
339.9048	0.0000
337.8572	0.0000
336.8334	0.0000
335.8096	0.0000
333.7620	0.0000
332.7382	0.0000
330.6905	0.0000
327.6191	0.0000
325.5715	0.0000
322.5001	0.0000
319.4286	0.0000
318.4048	0.0000
316.3572	0.0000
313.2858	0.0000
311.2382	0.0000
310.2143	0.0000
309.1905	0.0000
308.1667	0.0000
307.1429	0.0000
306.1191	0.0000
305.0953	0.0000
304.0715	0.0000
303.0477	0.0000
301.0001	0.0000
299.9762	0.0000
296.9048	0.0000
294.8572	0.0000
291.7858	0.0000
287.6905	0.0000
284.6191	0.0000
282.5715	0.0000
280.5239	0.0000
277.4524	0.0000
276.4286	0.0000
271.3096	0.0000
266.1905	0.0000
260.0477	0.0000
254.9286	0.0000
251.8572	0.0000
249.8096	0.0000
248.7858	0.0000
247.7620	0.0000
246.7381	0.0000
245.7143	0.0000
244.6905	0.0000
243.6667	0.0000
242.6429	0.0000
241.6191	0.0000
240.5953	0.0000
239.5715	0.0000
238.5477	0.0000
238.5477	1.0238
238.5477	2.0476
238.5477	3.0714
238.5477	4.0952
237.5239	5.1190
236.5000	5.1190
236.5000	6.1429
235.4762	6.1429
