31.7381	346.0477
31.7381	345.0239
31.7381	344.0001
31.7381	342.9763
31.7381	341.9524
31.7381	340.9286
31.7381	339.9048
31.7381	338.8810
31.7381	337.8572
31.7381	335.8096
31.7381	334.7858
31.7381	331.7143
31.7381	329.6667
31.7381	327.6191
31.7381	326.5953
31.7381	324.5477
31.7381	323.5239
31.7381	322.5001
31.7381	321.4763
31.7381	320.4524
31.7381	321.4763
31.7381	323.5239
33.7857	325.5715
34.8095	328.6429
37.8810	329.6667
38.9048	331.7143
39.9286	332.7382
40.9524	332.7382
43.0000	333.7620
44.0238	333.7620
45.0476	334.7858
46.0714	334.7858
47.0952	334.7858
49.1429	335.8096
50.1667	335.8096
51.1905	335.8096
52.2143	335.8096
54.2619	335.8096
55.2857	335.8096
56.3095	335.8096
57.3333	335.8096
58.3572	335.8096
58.3572	337.8572
59.3810	337.8572
60.4048	337.8572
60.4048	338.8810
61.4286	338.8810
61.4286	340.9286
61.4286	341.9524
62.4524	341.9524
63.4762	341.9524
64.5000	341.9524
65.5238	342.9763
66.5476	342.9763
66.5476	344.0001
68.5953	344.0001
69.6191	344.0001
69.6191	345.0239
70.6429	345.0239
71.6667	345.0239
71.6667	346.0477
72.6905	346.0477
72.6905	347.0715
73.7143	347.0715
73.7143	348.0953
74.7381	348.0953
75.7619	349.1191
76.7857	349.1191
76.7857	350.1429
77.8095	350.1429
78.8333	351.1667
80.8810	353.2144
81.9048	353.2144
81.9048	354.2382
82.9286	354.2382
84.9762	354.2382
86.0000	354.2382
87.0238	354.2382
88.0476	354.2382
89.0714	355.2620
90.0953	355.2620
91.1191	355.2620
92.1429	355.2620
93.1667	355.2620
94.1905	355.2620
95.2143	355.2620
96.2381	355.2620
97.2619	355.2620
99.3095	355.2620
100.3334	355.2620
101.3572	356.2858
102.3810	356.2858
103.4048	356.2858
104.4286	356.2858
106.4762	356.2858
107.5000	356.2858
108.5238	356.2858
109.5476	356.2858
110.5714	356.2858
111.5953	356.2858
112.6191	356.2858
113.6429	356.2858
114.6667	356.2858
115.6905	355.2620
117.7381	355.2620
118.7619	355.2620
118.7619	353.2144
119.7857	353.2144
120.8095	352.1905
121.8334	351.1667
122.8572	351.1667
122.8572	350.1429
124.9048	349.1191
125.9286	348.0953
126.9524	346.0477
127.9762	346.0477
129.0000	344.0001
130.0238	342.9763
132.0715	342.9763
133.0953	341.9524
135.1429	340.9286
135.1429	339.9048
136.1667	339.9048
136.1667	338.8810
136.1667	337.8572
136.1667	336.8334
136.1667	335.8096
138.2143	335.8096
138.2143	334.7858
138.2143	332.7382
138.2143	330.6905
138.2143	329.6667
139.2381	328.6429
139.2381	326.5953
139.2381	325.5715
140.2619	325.5715
140.2619	324.5477
140.2619	323.5239
141.2857	323.5239
141.2857	322.5001
143.3334	321.4763
143.3334	320.4524
145.3810	318.4048
146.4048	317.3810
149.4762	314.3096
152.5476	313.2858
154.5953	311.2382
154.5953	309.1905
155.6191	308.1667
156.6429	308.1667
156.6429	307.1429
156.6429	306.1191
157.6667	306.1191
157.6667	305.0953
159.7143	303.0477
159.7143	302.0239
161.7619	299.9762
161.7619	298.9524
163.8096	296.9048
164.8334	295.8810
165.8572	292.8096
165.8572	291.7858
165.8572	290.7620
165.8572	289.7382
166.8810	288.7143
166.8810	286.6667
168.9286	283.5953
168.9286	282.5715
169.9524	280.5239
169.9524	279.5001
169.9524	277.4524
172.0000	277.4524
172.0000	276.4286
172.0000	275.4048
172.0000	274.3810
172.0000	273.3572
172.0000	272.3334
169.9524	270.2858
169.9524	269.2620
168.9286	266.1905
168.9286	263.1191
166.8810	261.0715
165.8572	258.0000
164.8334	256.9762
164.8334	255.9524
164.8334	253.9048
163.8096	253.9048
163.8096	252.8810
162.7857	251.8572
162.7857	250.8334
161.7619	250.8334
161.7619	249.8096
161.7619	248.7858
161.7619	247.7620
161.7619	246.7381
161.7619	244.6905
163.8096	241.6191
164.8334	238.5477
165.8572	235.4762
165.8572	233.4286
167.9048	232.4048
167.9048	231.3810
167.9048	229.3334
167.9048	228.3096
167.9048	226.2619
167.9048	224.2143
167.9048	223.1905
167.9048	222.1667
167.9048	221.1429
167.9048	220.1191
167.9048	219.0953
167.9048	218.0715
167.9048	217.0477
167.9048	216.0239
167.9048	215.0000
167.9048	213.9762
169.9524	213.9762
169.9524	212.9524
170.9762	211.9286
172.0000	210.9048
173.0238	210.9048
174.0477	210.9048
175.0715	210.9048
176.0953	210.9048
178.1429	210.9048
180.1905	210.9048
183.2619	210.9048
186.3334	210.9048
188.3810	209.8810
189.4048	209.8810
191.4524	209.8810
192.4762	209.8810
193.5000	209.8810
193.5000	208.8572
194.5238	208.8572
194.5238	206.8096
195.5477	205.7858
195.5477	203.7381
195.5477	201.6905
195.5477	200.6667
195.5477	199.6429
195.5477	198.6191
195.5477	197.5953
195.5477	195.5477
194.5238	193.5000
193.5000	189.4048
191.4524	181.2143
190.4286	174.0477
189.4048	168.9286
187.3572	167.9048
187.3572	166.8810
186.3334	163.8096
185.3096	162.7857
183.2619	160.7381
182.2381	160.7381
182.2381	159.7143
182.2381	158.6905
180.1905	158.6905
180.1905	157.6667
180.1905	156.6429
180.1905	155.6191
180.1905	154.5953
180.1905	153.5715
180.1905	152.5476
180.1905	151.5238
180.1905	150.5000
180.1905	149.4762
180.1905	148.4524
180.1905	147.4286
179.1667	145.3810
179.1667	143.3334
179.1667	140.2619
179.1667	139.2381
179.1667	138.2143
179.1667	137.1905
179.1667	135.1429
177.1191	134.1191
177.1191	132.0715
176.0953	130.0238
176.0953	127.9762
176.0953	126.9524
176.0953	124.9048
175.0715	123.8810
175.0715	122.8572
175.0715	120.8095
175.0715	119.7857
175.0715	117.7381
173.0238	115.6905
173.0238	113.6429
172.0000	110.5714
172.0000	108.5238
169.9524	106.4762
169.9524	105.4524
169.9524	103.4048
169.9524	102.3810
169.9524	100.3334
169.9524	99.3095
168.9286	98.2857
168.9286	97.2619
168.9286	95.2143
168.9286	94.1905
166.8810	94.1905
166.8810	92.1429
165.8572	90.0953
165.8572	88.0476
163.8096	87.0238
163.8096	84.9762
162.7857	83.9524
162.7857	82.9286
162.7857	80.8810
161.7619	80.8810
161.7619	78.8333
161.7619	77.8095
161.7619	76.7857
161.7619	74.7381
160.7381	73.7143
160.7381	71.6667
160.7381	68.5953
159.7143	63.4762
157.6667	59.3810
157.6667	54.2619
157.6667	51.1905
157.6667	46.0714
156.6429	43.0000
156.6429	39.9286
156.6429	38.9048
156.6429	36.8571
156.6429	37.8810
156.6429	39.9286
156.6429	40.9524
156.6429	43.0000
156.6429	44.0238
156.6429	45.0476
157.6667	47.0952
157.6667	48.1191
157.6667	49.1429
157.6667	51.1905
158.6905	52.2143
158.6905	54.2619
159.7143	55.2857
160.7381	55.2857
160.7381	57.3333
160.7381	58.3572
161.7619	58.3572
161.7619	59.3810
163.8096	59.3810
163.8096	60.4048
163.8096	61.4286
164.8334	62.4524
165.8572	63.4762
165.8572	64.5000
166.8810	64.5000
166.8810	65.5238
168.9286	66.5476
169.9524	67.5714
169.9524	68.5953
170.9762	68.5953
173.0238	69.6191
174.0477	71.6667
176.0953	72.6905
177.1191	74.7381
179.1667	74.7381
180.1905	76.7857
181.2143	77.8095
182.2381	77.8095
182.2381	78.8333
183.2619	78.8333
183.2619	79.8572
184.2857	79.8572
185.3096	80.8810
187.3572	80.8810
187.3572	81.9048
187.3572	82.9286
189.4048	83.9524
189.4048	84.9762
191.4524	84.9762
192.4762	84.9762
193.5000	87.0238
195.5477	88.0476
198.6191	90.0953
201.6905	92.1429
202.7143	93.1667
204.7619	96.2381
206.8096	97.2619
207.8334	99.3095
208.8572	99.3095
209.8810	100.3334
210.9048	100.3334
210.9048	101.3572
211.9286	102.3810
211.9286	103.4048
212.9524	104.4286
212.9524	105.4524
213.9762	106.4762
215.0000	107.5000
216.0239	108.5238
216.0239	109.5476
216.0239	110.5714
218.0715	111.5953
219.0953	113.6429
220.1191	113.6429
221.1429	114.6667
222.1667	115.6905
222.1667	116.7143
224.2143	116.7143
225.2381	117.7381
225.2381	118.7619
226.2619	118.7619
226.2619	119.7857
227.2858	120.8095
228.3096	121.8334
228.3096	122.8572
230.3572	124.9048
230.3572	125.9286
231.3810	125.9286
231.3810	127.9762
232.4048	129.0000
233.4286	131.0476
234.4524	132.0715
236.5000	134.1191
236.5000	135.1429
238.5477	137.1905
239.5715	137.1905
240.5953	139.2381
242.6429	141.2857
243.6667	143.3334
244.6905	144.3572
244.6905	146.4048
245.7143	146.4048
246.7381	148.4524
246.7381	149.4762
247.7620	149.4762
247.7620	151.5238
247.7620	152.5476
248.7858	152.5476
248.7858	153.5715
248.7858	155.6191
249.8096	156.6429
249.8096	158.6905
250.8334	158.6905
250.8334	160.7381
250.8334	161.7619
250.8334	162.7857
250.8334	163.8096
250.8334	164.8334
252.8810	164.8334
252.8810	165.8572
254.9286	167.9048
254.9286	168.9286
255.9524	168.9286
255.9524	169.9524
256.9762	169.9524
258.0000	169.9524
259.0239	168.9286
260.0477	167.9048
260.0477	165.8572
260.0477	162.7857
261.0715	159.7143
261.0715	158.6905
261.0715	156.6429
261.0715	154.5953
261.0715	152.5476
261.0715	151.5238
261.0715	150.5000
262.0953	148.4524
262.0953	145.3810
264.1429	144.3572
265.1667	142.3096
265.1667	139.2381
265.1667	138.2143
267.2143	136.1667
268.2381	134.1191
269.2620	133.0953
270.2858	132.0715
270.2858	131.0476
271.3096	132.0715
271.3096	133.0953
271.3096	136.1667
271.3096	139.2381
271.3096	141.2857
271.3096	143.3334
271.3096	145.3810
271.3096	146.4048
272.3334	148.4524
272.3334	149.4762
272.3334	152.5476
272.3334	153.5715
272.3334	155.6191
272.3334	157.6667
272.3334	159.7143
272.3334	162.7857
272.3334	163.8096
272.3334	164.8334
272.3334	166.8810
272.3334	168.9286
272.3334	169.9524
272.3334	170.9762
273.3572	173.0238
274.3810	174.0477
275.4048	175.0715
277.4524	177.1191
279.5001	179.1667
280.5239	181.2143
281.5477	182.2381
283.5953	183.2619
283.5953	184.2857
283.5953	185.3096
284.6191	186.3334
287.6905	188.3810
289.7382	189.4048
292.8096	191.4524
293.8334	193.5000
294.8572	194.5238
296.9048	194.5238
296.9048	195.5477
297.9286	197.5953
297.9286	199.6429
297.9286	200.6667
297.9286	202.7143
297.9286	204.7619
297.9286	205.7858
297.9286	206.8096
299.9762	206.8096
301.0001	206.8096
302.0239	208.8572
304.0715	209.8810
306.1191	209.8810
307.1429	211.9286
309.1905	211.9286
310.2143	212.9524
311.2382	212.9524
312.2620	212.9524
313.2858	212.9524
314.3096	213.9762
315.3334	213.9762
315.3334	216.0239
316.3572	216.0239
317.3810	216.0239
317.3810	217.0477
319.4286	217.0477
320.4524	217.0477
321.4763	217.0477
321.4763	216.0239
321.4763	215.0000
321.4763	213.9762
322.5001	212.9524
323.5239	212.9524
325.5715	212.9524
326.5953	212.9524
328.6429	212.9524
329.6667	212.9524
330.6905	212.9524
331.7143	212.9524
333.7620	211.9286
334.7858	211.9286
336.8334	210.9048
337.8572	209.8810
339.9048	208.8572
339.9048	207.8334
339.9048	206.8096
340.9286	204.7619
340.9286	203.7381
340.9286	201.6905
340.9286	200.6667
340.9286	198.6191
340.9286	197.5953
340.9286	195.5477
340.9286	193.5000
340.9286	192.4762
340.9286	190.4286
340.9286	188.3810
341.9524	186.3334
341.9524	184.2857
341.9524	181.2143
342.9763	179.1667
342.9763	176.0953
342.9763	174.0477
345.0239	170.9762
345.0239	168.9286
345.0239	166.8810
345.0239	165.8572
345.0239	164.8334
345.0239	162.7857
345.0239	160.7381
345.0239	159.7143
345.0239	158.6905
345.0239	157.6667
346.0477	157.6667
346.0477	155.6191
346.0477	154.5953
346.0477	153.5715
346.0477	151.5238
346.0477	150.5000
346.0477	148.4524
346.0477	147.4286
346.0477	146.4048
346.0477	145.3810
346.0477	143.3334
346.0477	141.2857
346.0477	140.2619
346.0477	139.2381
346.0477	138.2143
346.0477	137.1905
347.0715	137.1905
350.1429	137.1905
352.1905	139.2381
354.2382	140.2619
358.3334	143.3334
361.4048	146.4048
362.4286	148.4524
362.4286	151.5238
363.4525	152.5476
363.4525	154.5953
364.4763	155.6191
366.5239	157.6667
367.5477	159.7143
367.5477	160.7381
367.5477	161.7619
369.5953	162.7857
369.5953	163.8096
369.5953	164.8334
369.5953	166.8810
369.5953	167.9048
369.5953	168.9286
369.5953	169.9524
369.5953	170.9762
369.5953	172.0000
369.5953	173.0238
369.5953	174.0477
369.5953	175.0715
369.5953	177.1191
369.5953	178.1429
370.6191	179.1667
370.6191	180.1905
370.6191	181.2143
370.6191	182.2381
370.6191	183.2619
370.6191	184.2857
371.6429	185.3096
371.6429	186.3334
372.6667	187.3572
372.6667	189.4048
373.6905	190.4286
374.7144	191.4524
374.7144	192.4762
376.7620	192.4762
376.7620	193.5000
377.7858	194.5238
378.8096	194.5238
380.8572	196.5715
381.8810	196.5715
381.8810	197.5953
382.9048	198.6191
382.9048	199.6429
383.9286	200.6667
385.9763	200.6667
385.9763	201.6905
388.0239	201.6905
388.0239	202.7143
389.0477	202.7143
389.0477	203.7381
390.0715	203.7381
391.0953	204.7619
392.1191	205.7858
392.1191	206.8096
393.1429	206.8096
394.1667	207.8334
396.2144	209.8810
396.2144	211.9286
397.2382	211.9286
399.2858	211.9286
400.3096	215.0000
401.3334	215.0000
402.3572	215.0000
402.3572	217.0477
407.4763	220.1191
408.5001	221.1429
408.5001	222.1667
408.5001	223.1905
408.5001	224.2143
408.5001	225.2381
408.5001	226.2619
410.5477	226.2619
410.5477	227.2858
410.5477	229.3334
410.5477	231.3810
410.5477	232.4048
410.5477	233.4286
410.5477	234.4524
410.5477	235.4762
410.5477	236.5000
409.5239	236.5000
408.5001	236.5000
407.4763	236.5000
406.4525	236.5000
405.4286	236.5000
402.3572	236.5000
400.3096	236.5000
396.2144	236.5000
393.1429	236.5000
390.0715	236.5000
388.0239	236.5000
385.9763	236.5000
384.9525	236.5000
383.9286	236.5000
381.8810	234.4524
380.8572	234.4524
380.8572	232.4048
379.8334	231.3810
378.8096	231.3810
378.8096	230.3572
378.8096	231.3810
379.8334	232.4048
379.8334	233.4286
380.8572	234.4524
381.8810	235.4762
382.9048	235.4762
384.9525	237.5239
385.9763	237.5239
387.0001	237.5239
387.0001	239.5715
388.0239	239.5715
390.0715	239.5715
391.0953	240.5953
392.1191	240.5953
393.1429	242.6429
394.1667	242.6429
395.1906	243.6667
396.2144	244.6905
397.2382	245.7143
398.2620	245.7143
398.2620	246.7381
399.2858	246.7381
399.2858	248.7858
400.3096	248.7858
400.3096	249.8096
400.3096	250.8334
402.3572	250.8334
403.3810	251.8572
405.4286	253.9048
406.4525	254.9286
407.4763	256.9762
407.4763	258.0000
408.5001	258.0000
408.5001	259.0239
408.5001	260.0477
408.5001	261.0715
409.5239	262.0953
409.5239	263.1191
409.5239	264.1429
409.5239	265.1667
409.5239	266.1905
411.5715	266.1905
411.5715	267.2143
411.5715	268.2381
411.5715	269.2620
412.5953	270.2858
412.5953	272.3334
413.6191	273.3572
413.6191	275.4048
414.6429	276.4286
415.6667	278.4762
415.6667	279.5001
415.6667	280.5239
415.6667	281.5477
415.6667	282.5715
415.6667	283.5953
415.6667	284.6191
415.6667	286.6667
415.6667	287.6905
415.6667	288.7143
415.6667	289.7382
415.6667	290.7620
415.6667	291.7858
415.6667	292.8096
415.6667	294.8572
415.6667	295.8810
416.6906	296.9048
416.6906	297.9286
418.7382	298.9524
418.7382	299.9762
419.7620	301.0001
420.7858	302.0239
420.7858	304.0715
421.8096	305.0953
422.8334	307.1429
423.8572	307.1429
423.8572	308.1667
425.9048	308.1667
425.9048	309.1905
425.9048	310.2143
425.9048	311.2382
424.8810	312.2620
422.8334	313.2858
419.7620	315.3334
416.6906	315.3334
415.6667	316.3572
413.6191	316.3572
412.5953	316.3572
411.5715	316.3572
410.5477	316.3572
410.5477	314.3096
409.5239	313.2858
409.5239	312.2620
408.5001	312.2620
407.4763	312.2620
406.4525	312.2620
405.4286	312.2620
404.4048	312.2620
403.3810	312.2620
402.3572	313.2858
402.3572	314.3096
401.3334	315.3334
401.3334	316.3572
401.3334	317.3810
401.3334	318.4048
401.3334	319.4286
401.3334	321.4763
401.3334	322.5001
403.3810	325.5715
404.4048	328.6429
406.4525	331.7143
407.4763	333.7620
408.5001	335.8096
409.5239	335.8096
410.5477	336.8334
411.5715	336.8334
411.5715	337.8572
412.5953	337.8572
414.6429	337.8572
414.6429	338.8810
415.6667	338.8810
417.7144	338.8810
417.7144	339.9048
418.7382	339.9048
419.7620	339.9048
420.7858	339.9048
421.8096	339.9048
422.8334	339.9048
423.8572	339.9048
424.8810	339.9048
425.9048	339.9048
426.9287	339.9048
426.9287	341.9524
427.9525	342.9763
430.0001	344.0001
431.0239	345.0239
431.0239	346.0477
432.0477	347.0715
434.0953	347.0715
434.0953	348.0953
434.0953	349.1191
435.1191	350.1429
435.1191	351.1667
437.1667	352.1905
437.1667	353.2144
438.1906	354.2382
439.2144	355.2620
439.2144	356.2858
440.2382	356.2858
441.2620	357.3096
441.2620	358.3334
441.2620	360.3810
442.2858	360.3810
442.2858	362.4286
443.3096	362.4286
444.3334	363.4525
444.3334	365.5001
444.3334	366.5239
446.3810	367.5477
447.4048	368.5715
450.4763	371.6429
453.5477	372.6667
456.6191	374.7144
459.6906	376.7620
462.7620	377.7858
464.8096	378.8096
465.8334	379.8334
467.8810	379.8334
468.9049	379.8334
470.9525	379.8334
470.9525	380.8572
470.9525	381.8810
471.9763	381.8810
474.0239	382.9048
474.0239	383.9286
475.0477	384.9525
475.0477	385.9763
477.0953	385.9763
477.0953	387.0001
478.1191	387.0001
478.1191	388.0239
478.1191	389.0477
478.1191	390.0715
479.1429	391.0953
479.1429	392.1191
479.1429	394.1667
480.1668	396.2144
480.1668	397.2382
482.2144	399.2858
482.2144	400.3096
483.2382	402.3572
483.2382	403.3810
485.2858	403.3810
486.3096	403.3810
487.3334	403.3810
488.3572	403.3810
489.3810	403.3810
490.4049	403.3810
491.4287	403.3810
492.4525	403.3810
494.5001	403.3810
495.5239	405.4286
497.5715	405.4286
498.5953	406.4525
499.6191	407.4763
501.6668	408.5001
502.6906	408.5001
503.7144	408.5001
505.7620	410.5477
506.7858	411.5715
506.7858	412.5953
506.7858	413.6191
506.7858	414.6429
506.7858	415.6667
506.7858	416.6906
506.7858	417.7144
506.7858	418.7382
505.7620	420.7858
505.7620	421.8096
504.7382	422.8334
504.7382	424.8810
503.7144	426.9287
503.7144	427.9525
503.7144	428.9763
501.6668	430.0001
501.6668	431.0239
500.6430	431.0239
500.6430	432.0477
500.6430	433.0715
500.6430	434.0953
501.6668	434.0953
503.7144	436.1429
504.7382	436.1429
506.7858	438.1906
507.8096	439.2144
510.8810	440.2382
511.9049	441.2620
512.9287	442.2858
514.9763	444.3334
516.0001	445.3572
517.0239	446.3810
518.0477	446.3810
518.0477	448.4287
519.0715	448.4287
521.1191	449.4525
521.1191	451.5001
523.1668	451.5001
523.1668	452.5239
524.1906	452.5239
524.1906	453.5477
525.2144	453.5477
526.2382	453.5477
527.2620	453.5477
528.2858	453.5477
529.3096	453.5477
531.3572	453.5477
532.3811	454.5715
533.4049	454.5715
534.4287	454.5715
535.4525	454.5715
536.4763	454.5715
537.5001	454.5715
538.5239	454.5715
539.5477	454.5715
541.5953	455.5953
542.6192	455.5953
544.6668	455.5953
545.6906	455.5953
547.7382	456.6191
548.7620	458.6668
550.8096	458.6668
551.8334	458.6668
553.8811	459.6906
555.9287	459.6906
556.9525	460.7144
559.0001	460.7144
560.0239	460.7144
562.0715	460.7144
563.0953	460.7144
565.1430	460.7144
567.1906	460.7144
569.2382	460.7144
570.2620	461.7382
571.2858	461.7382
573.3334	461.7382
574.3573	461.7382
575.3811	461.7382
575.3811	462.7620
576.4049	462.7620
576.4049	463.7858
576.4049	464.8096
576.4049	465.8334
575.3811	466.8572
574.3573	468.9049
572.3096	468.9049
571.2858	470.9525
569.2382	471.9763
569.2382	473.0001
567.1906	473.0001
566.1668	473.0001
566.1668	474.0239
565.1430	474.0239
563.0953	474.0239
561.0477	474.0239
560.0239	474.0239
557.9763	474.0239
556.9525	474.0239
554.9049	474.0239
553.8811	474.0239
552.8572	474.0239
550.8096	474.0239
548.7620	474.0239
545.6906	474.0239
542.6192	474.0239
540.5715	474.0239
539.5477	474.0239
537.5001	473.0001
534.4287	473.0001
533.4049	473.0001
531.3572	471.9763
530.3334	471.9763
530.3334	469.9287
528.2858	469.9287
528.2858	468.9049
527.2620	468.9049
526.2382	468.9049
526.2382	467.8810
525.2144	467.8810
524.1906	467.8810
524.1906	466.8572
523.1668	466.8572
522.1430	466.8572
522.1430	465.8334
521.1191	465.8334
520.0953	465.8334
519.0715	464.8096
518.0477	462.7620
516.0001	462.7620
514.9763	460.7144
513.9525	459.6906
512.9287	459.6906
510.8810	459.6906
509.8572	459.6906
508.8334	459.6906
506.7858	459.6906
506.7858	458.6668
505.7620	458.6668
504.7382	458.6668
503.7144	456.6191
502.6906	456.6191
500.6430	456.6191
500.6430	455.5953
499.6191	454.5715
498.5953	453.5477
497.5715	452.5239
496.5477	452.5239
496.5477	451.5001
496.5477	450.4763
495.5239	449.4525
495.5239	447.4048
494.5001	447.4048
493.4763	445.3572
491.4287	444.3334
490.4049	444.3334
490.4049	443.3096
489.3810	443.3096
488.3572	443.3096
487.3334	442.2858
486.3096	442.2858
485.2858	442.2858
484.2620	442.2858
483.2382	442.2858
482.2144	442.2858
481.1906	442.2858
480.1668	442.2858
479.1429	444.3334
478.1191	444.3334
478.1191	445.3572
476.0715	445.3572
476.0715	446.3810
476.0715	447.4048
476.0715	448.4287
476.0715	449.4525
476.0715	451.5001
477.0953	452.5239
479.1429	453.5477
481.1906	455.5953
482.2144	455.5953
483.2382	457.6429
486.3096	458.6668
487.3334	460.7144
489.3810	461.7382
490.4049	463.7858
492.4525	464.8096
492.4525	466.8572
493.4763	466.8572
493.4763	467.8810
493.4763	468.9049
495.5239	468.9049
495.5239	469.9287
495.5239	470.9525
495.5239	471.9763
496.5477	471.9763
496.5477	473.0001
497.5715	474.0239
497.5715	475.0477
497.5715	476.0715
499.6191	476.0715
499.6191	477.0953
499.6191	478.1191
499.6191	479.1429
499.6191	480.1668
499.6191	481.1906
499.6191	482.2144
499.6191	483.2382
499.6191	484.2620
499.6191	485.2858
499.6191	486.3096
499.6191	488.3572
499.6191	489.3810
499.6191	490.4049
498.5953	490.4049
498.5953	491.4287
496.5477	493.4763
495.5239	493.4763
494.5001	495.5239
493.4763	496.5477
493.4763	497.5715
492.4525	498.5953
492.4525	499.6191
492.4525	500.6430
492.4525	501.6668
492.4525	502.6906
491.4287	502.6906
491.4287	504.7382
490.4049	505.7620
490.4049	506.7858
490.4049	507.8096
489.3810	508.8334
488.3572	508.8334
487.3334	508.8334
487.3334	509.8572
486.3096	509.8572
485.2858	508.8334
485.2858	507.8096
485.2858	506.7858
485.2858	505.7620
485.2858	503.7144
485.2858	502.6906
485.2858	500.6430
486.3096	499.6191
486.3096	497.5715
487.3334	496.5477
487.3334	494.5001
487.3334	492.4525
487.3334	491.4287
487.3334	490.4049
487.3334	489.3810
487.3334	488.3572
487.3334	487.3334
487.3334	486.3096
487.3334	485.2858
487.3334	484.2620
487.3334	483.2382
487.3334	482.2144
487.3334	481.1906
487.3334	480.1668
486.3096	479.1429
486.3096	478.1191
484.2620	476.0715
484.2620	475.0477
484.2620	474.0239
482.2144	471.9763
481.1906	470.9525
481.1906	469.9287
481.1906	468.9049
480.1668	468.9049
480.1668	467.8810
479.1429	466.8572
479.1429	465.8334
478.1191	465.8334
478.1191	464.8096
477.0953	463.7858
476.0715	462.7620
476.0715	461.7382
475.0477	460.7144
475.0477	459.6906
474.0239	459.6906
473.0001	458.6668
473.0001	457.6429
471.9763	457.6429
471.9763	456.6191
470.9525	456.6191
469.9287	456.6191
468.9049	455.5953
467.8810	455.5953
465.8334	453.5477
464.8096	453.5477
462.7620	453.5477
461.7382	453.5477
461.7382	451.5001
460.7144	451.5001
460.7144	450.4763
459.6906	450.4763
458.6668	450.4763
456.6191	450.4763
456.6191	448.4287
455.5953	447.4048
454.5715	447.4048
454.5715	446.3810
453.5477	446.3810
453.5477	444.3334
452.5239	444.3334
452.5239	443.3096
451.5001	443.3096
450.4763	443.3096
449.4525	443.3096
448.4287	443.3096
447.4048	443.3096
446.3810	443.3096
446.3810	444.3334
445.3572	445.3572
445.3572	446.3810
445.3572	447.4048
445.3572	448.4287
447.4048	450.4763
449.4525	451.5001
452.5239	453.5477
454.5715	454.5715
457.6429	456.6191
458.6668	457.6429
459.6906	459.6906
461.7382	461.7382
462.7620	463.7858
464.8096	465.8334
465.8334	467.8810
465.8334	468.9049
466.8572	470.9525
467.8810	471.9763
468.9049	474.0239
469.9287	474.0239
470.9525	474.0239
470.9525	476.0715
473.0001	477.0953
473.0001	478.1191
474.0239	478.1191
475.0477	479.1429
475.0477	480.1668
475.0477	481.1906
475.0477	482.2144
475.0477	483.2382
475.0477	484.2620
475.0477	485.2858
475.0477	486.3096
473.0001	486.3096
470.9525	486.3096
469.9287	486.3096
468.9049	486.3096
467.8810	486.3096
465.8334	486.3096
464.8096	485.2858
464.8096	483.2382
463.7858	483.2382
462.7620	483.2382
462.7620	482.2144
461.7382	482.2144
460.7144	482.2144
459.6906	482.2144
459.6906	483.2382
459.6906	484.2620
459.6906	486.3096
458.6668	486.3096
456.6191	486.3096
455.5953	487.3334
455.5953	489.3810
453.5477	489.3810
452.5239	490.4049
450.4763	491.4287
448.4287	491.4287
447.4048	492.4525
445.3572	492.4525
444.3334	492.4525
442.2858	492.4525
441.2620	492.4525
439.2144	492.4525
438.1906	492.4525
437.1667	492.4525
436.1429	492.4525
435.1191	492.4525
434.0953	491.4287
434.0953	489.3810
433.0715	489.3810
433.0715	488.3572
432.0477	488.3572
432.0477	487.3334
431.0239	486.3096
430.0001	485.2858
428.9763	483.2382
427.9525	482.2144
427.9525	480.1668
426.9287	480.1668
426.9287	478.1191
425.9048	477.0953
425.9048	476.0715
425.9048	475.0477
425.9048	474.0239
427.9525	471.9763
428.9763	471.9763
430.0001	471.9763
432.0477	470.9525
432.0477	469.9287
433.0715	469.9287
433.0715	468.9049
435.1191	468.9049
435.1191	467.8810
435.1191	466.8572
435.1191	465.8334
433.0715	464.8096
433.0715	462.7620
432.0477	462.7620
431.0239	461.7382
430.0001	460.7144
430.0001	459.6906
428.9763	458.6668
427.9525	456.6191
426.9287	455.5953
426.9287	452.5239
425.9048	450.4763
424.8810	448.4287
423.8572	447.4048
423.8572	446.3810
421.8096	446.3810
420.7858	445.3572
420.7858	443.3096
420.7858	442.2858
418.7382	442.2858
417.7144	442.2858
416.6906	442.2858
416.6906	441.2620
415.6667	441.2620
414.6429	441.2620
413.6191	440.2382
411.5715	440.2382
410.5477	439.2144
409.5239	439.2144
408.5001	439.2144
407.4763	439.2144
406.4525	439.2144
404.4048	439.2144
403.3810	439.2144
402.3572	439.2144
400.3096	439.2144
398.2620	440.2382
396.2144	440.2382
395.1906	441.2620
395.1906	442.2858
393.1429	442.2858
393.1429	443.3096
392.1191	443.3096
392.1191	444.3334
390.0715	445.3572
390.0715	446.3810
389.0477	446.3810
388.0239	447.4048
388.0239	448.4287
385.9763	449.4525
384.9525	450.4763
383.9286	451.5001
382.9048	452.5239
381.8810	453.5477
381.8810	454.5715
380.8572	455.5953
380.8572	456.6191
380.8572	458.6668
380.8572	459.6906
380.8572	460.7144
379.8334	461.7382
379.8334	462.7620
379.8334	463.7858
379.8334	465.8334
377.7858	465.8334
377.7858	467.8810
377.7858	468.9049
375.7382	468.9049
375.7382	470.9525
375.7382	471.9763
374.7144	473.0001
374.7144	474.0239
374.7144	476.0715
374.7144	477.0953
374.7144	479.1429
374.7144	480.1668
374.7144	482.2144
374.7144	483.2382
374.7144	484.2620
374.7144	485.2858
374.7144	486.3096
374.7144	488.3572
374.7144	491.4287
375.7382	496.5477
375.7382	500.6430
375.7382	503.7144
375.7382	506.7858
375.7382	508.8334
374.7144	511.9049
374.7144	512.9287
374.7144	513.9525
373.6905	514.9763
373.6905	516.0001
372.6667	517.0239
372.6667	519.0715
371.6429	519.0715
371.6429	520.0953
370.6191	520.0953
370.6191	522.1430
369.5953	522.1430
368.5715	523.1668
367.5477	523.1668
366.5239	524.1906
365.5001	524.1906
364.4763	524.1906
362.4286	524.1906
360.3810	524.1906
359.3572	524.1906
357.3096	524.1906
356.2858	524.1906
355.2620	524.1906
354.2382	525.2144
353.2144	525.2144
352.1905	525.2144
351.1667	525.2144
351.1667	527.2620
350.1429	527.2620
349.1191	528.2858
348.0953	528.2858
347.0715	529.3096
345.0239	529.3096
342.9763	530.3334
341.9524	530.3334
340.9286	530.3334
338.8810	530.3334
337.8572	530.3334
335.8096	530.3334
332.7382	530.3334
329.6667	530.3334
328.6429	530.3334
326.5953	530.3334
325.5715	530.3334
324.5477	530.3334
322.5001	530.3334
321.4763	530.3334
319.4286	530.3334
318.4048	530.3334
316.3572	530.3334
314.3096	530.3334
313.2858	530.3334
310.2143	530.3334
308.1667	530.3334
307.1429	530.3334
306.1191	530.3334
305.0953	530.3334
304.0715	530.3334
302.0239	530.3334
301.0001	530.3334
299.9762	530.3334
296.9048	530.3334
293.8334	530.3334
292.8096	529.3096
290.7620	529.3096
289.7382	529.3096
288.7143	529.3096
287.6905	529.3096
286.6667	529.3096
285.6429	529.3096
284.6191	529.3096
282.5715	529.3096
281.5477	529.3096
279.5001	529.3096
277.4524	529.3096
276.4286	529.3096
275.4048	529.3096
274.3810	529.3096
272.3334	529.3096
271.3096	529.3096
270.2858	529.3096
270.2858	527.2620
269.2620	527.2620
267.2143	527.2620
266.1905	527.2620
263.1191	526.2382
261.0715	526.2382
260.0477	526.2382
259.0239	525.2144
258.0000	525.2144
256.9762	525.2144
255.9524	525.2144
254.9286	524.1906
253.9048	524.1906
251.8572	524.1906
250.8334	524.1906
248.7858	524.1906
247.7620	524.1906
246.7381	524.1906
246.7381	523.1668
244.6905	523.1668
243.6667	523.1668
243.6667	522.1430
242.6429	522.1430
241.6191	522.1430
241.6191	521.1191
240.5953	521.1191
239.5715	521.1191
238.5477	521.1191
237.5239	521.1191
235.4762	520.0953
234.4524	520.0953
233.4286	520.0953
232.4048	520.0953
231.3810	520.0953
230.3572	520.0953
229.3334	520.0953
228.3096	520.0953
227.2858	520.0953
226.2619	520.0953
226.2619	519.0715
225.2381	519.0715
224.2143	519.0715
223.1905	519.0715
222.1667	519.0715
221.1429	519.0715
220.1191	519.0715
219.0953	520.0953
218.0715	520.0953
217.0477	520.0953
216.0239	520.0953
215.0000	521.1191
213.9762	521.1191
213.9762	522.1430
212.9524	522.1430
211.9286	522.1430
211.9286	523.1668
210.9048	523.1668
208.8572	525.2144
207.8334	526.2382
205.7858	526.2382
204.7619	526.2382
202.7143	527.2620
199.6429	527.2620
197.5953	527.2620
196.5715	527.2620
195.5477	527.2620
194.5238	527.2620
193.5000	526.2382
192.4762	526.2382
190.4286	524.1906
189.4048	523.1668
187.3572	523.1668
186.3334	522.1430
184.2857	522.1430
183.2619	520.0953
180.1905	520.0953
178.1429	519.0715
176.0953	519.0715
174.0477	518.0477
173.0238	518.0477
169.9524	517.0239
167.9048	514.9763
166.8810	514.9763
164.8334	514.9763
163.8096	514.9763
161.7619	512.9287
160.7381	512.9287
158.6905	512.9287
157.6667	511.9049
156.6429	511.9049
155.6191	511.9049
154.5953	511.9049
152.5476	509.8572
151.5238	509.8572
151.5238	508.8334
150.5000	508.8334
149.4762	508.8334
148.4524	508.8334
147.4286	508.8334
145.3810	508.8334
144.3572	508.8334
144.3572	506.7858
143.3334	506.7858
142.3096	505.7620
141.2857	505.7620
141.2857	504.7382
140.2619	504.7382
139.2381	504.7382
139.2381	502.6906
138.2143	502.6906
136.1667	501.6668
135.1429	500.6430
133.0953	500.6430
132.0715	499.6191
131.0476	499.6191
131.0476	498.5953
130.0238	498.5953
130.0238	497.5715
130.0238	496.5477
127.9762	495.5239
124.9048	493.4763
123.8810	492.4525
121.8334	490.4049
120.8095	489.3810
120.8095	488.3572
119.7857	488.3572
119.7857	487.3334
118.7619	487.3334
118.7619	486.3096
118.7619	485.2858
117.7381	484.2620
117.7381	483.2382
116.7143	483.2382
116.7143	482.2144
115.6905	482.2144
115.6905	481.1906
113.6429	481.1906
113.6429	480.1668
112.6191	480.1668
112.6191	479.1429
112.6191	477.0953
111.5953	476.0715
109.5476	475.0477
109.5476	473.0001
109.5476	470.9525
108.5238	469.9287
108.5238	467.8810
107.5000	465.8334
107.5000	464.8096
106.4762	462.7620
105.4524	461.7382
105.4524	459.6906
105.4524	458.6668
104.4286	458.6668
104.4286	457.6429
104.4286	456.6191
103.4048	456.6191
103.4048	455.5953
103.4048	454.5715
101.3572	454.5715
101.3572	453.5477
101.3572	452.5239
100.3334	452.5239
100.3334	451.5001
100.3334	450.4763
100.3334	448.4287
99.3095	448.4287
99.3095	446.3810
99.3095	445.3572
99.3095	444.3334
99.3095	443.3096
99.3095	442.2858
98.2857	441.2620
97.2619	441.2620
95.2143	439.2144
93.1667	438.1906
91.1191	438.1906
91.1191	436.1429
89.0714	435.1191
88.0476	433.0715
87.0238	432.0477
84.9762	428.9763
84.9762	427.9525
82.9286	427.9525
82.9286	425.9048
80.8810	425.9048
79.8572	425.9048
79.8572	424.8810
78.8333	423.8572
77.8095	422.8334
76.7857	422.8334
75.7619	422.8334
75.7619	421.8096
73.7143	421.8096
72.6905	420.7858
69.6191	420.7858
68.5953	418.7382
66.5476	418.7382
64.5000	417.7144
63.4762	417.7144
62.4524	416.6906
61.4286	416.6906
60.4048	415.6667
58.3572	415.6667
56.3095	415.6667
55.2857	415.6667
54.2619	413.6191
53.2381	413.6191
52.2143	413.6191
51.1905	413.6191
51.1905	412.5953
49.1429	412.5953
48.1191	412.5953
46.0714	411.5715
44.0238	409.5239
41.9762	409.5239
40.9524	407.4763
37.8810	406.4525
35.8333	404.4048
31.7381	401.3334
30.7143	400.3096
28.6667	398.2620
27.6429	397.2382
27.6429	395.1906
26.6191	395.1906
26.6191	394.1667
25.5952	394.1667
24.5714	392.1191
22.5238	392.1191
21.5000	390.0715
20.4762	388.0239
18.4286	387.0001
18.4286	385.9763
17.4048	384.9525
17.4048	383.9286
16.3810	382.9048
15.3571	380.8572
15.3571	379.8334
14.3333	377.7858
14.3333	376.7620
14.3333	375.7382
14.3333	373.6905
14.3333	372.6667
14.3333	370.6191
14.3333	369.5953
14.3333	367.5477
14.3333	366.5239
14.3333	364.4763
14.3333	363.4525
14.3333	361.4048
14.3333	360.3810
14.3333	358.3334
14.3333	357.3096
14.3333	356.2858
14.3333	355.2620
14.3333	353.2144
14.3333	352.1905
12.2857	351.1667
12.2857	350.1429
12.2857	349.1191
12.2857	348.0953
12.2857	347.0715
12.2857	346.0477
12.2857	345.0239
12.2857	342.9763
11.2619	342.9763
11.2619	340.9286
11.2619	339.9048
11.2619	338.8810
11.2619	337.8572
11.2619	336.8334
11.2619	335.8096
11.2619	336.8334
13.3095	336.8334
13.3095	337.8572
14.3333	337.8572
16.3810	339.9048
17.4048	339.9048
18.4286	339.9048
20.4762	339.9048
22.5238	341.9524
23.5476	342.9763
25.5952	342.9763
27.6429	344.0001
28.6667	344.0001
29.6905	344.0001
30.7143	345.0239
31.7381	345.0239
31.7381	346.0477
33.7857	346.0477
