412	269
414	269
414	270
415	270
418	273
419	274
420	276
423	276
424	277
426	278
430	278
431	280
431	282
434	282
435	285
438	286
440	289
442	292
444	293
446	296
447	297
450	301
450	304
451	305
454	306
454	308
455	309
455	310
456	310
456	312
456	313
458	313
458	316
458	317
460	317
460	318
462	318
462	321
462	322
463	324
464	326
466	328
466	330
467	332
470	334
470	336
471	338
472	338
472	340
475	340
475	342
476	344
479	345
479	348
479	349
480	352
483	353
483	356
486	357
487	360
488	361
488	362
490	365
490	366
490	368
492	369
492	370
492	372
492	373
494	373
494	374
494	376
495	377
494	377
492	377
491	377
490	377
487	377
483	377
480	377
476	377
475	377
472	377
471	376
467	376
463	376
460	376
459	374
459	373
458	373
456	372
455	370
454	369
451	369
450	368
447	366
447	365
444	364
443	362
440	362
439	361
436	360
435	358
432	357
430	356
428	356
426	353
424	353
423	353
422	353
420	353
420	352
419	352
418	352
418	353
418	354
420	357
422	357
422	360
423	361
423	364
424	365
424	366
424	368
426	369
427	370
428	373
430	373
430	376
430	377
430	378
430	380
427	380
427	381
427	382
427	384
426	385
426	386
426	388
424	388
424	389
422	390
420	390
419	393
418	393
416	393
415	393
414	393
412	394
410	394
408	394
406	394
404	394
402	394
400	394
399	394
399	396
399	397
399	400
399	401
399	404
399	405
400	408
403	409
404	410
407	412
411	413
416	416
424	417
432	420
440	422
444	422
447	424
451	424
452	424
452	425
454	425
454	426
454	428
454	429
454	430
454	432
455	434
455	436
458	437
458	438
459	441
462	442
466	448
467	450
467	453
468	453
470	456
471	457
471	458
471	460
471	461
471	462
474	462
475	464
476	465
478	465
479	465
479	466
482	466
483	466
484	468
484	469
483	469
482	472
478	472
474	472
474	473
471	473
470	473
470	474
467	474
466	474
462	477
459	477
452	477
450	477
443	477
439	477
438	477
435	477
434	477
432	477
431	477
428	477
427	477
426	477
422	477
419	477
416	477
414	477
410	477
408	477
407	477
404	477
404	478
404	480
407	480
408	481
412	484
415	484
416	484
420	485
424	486
431	488
439	490
446	492
452	493
458	493
462	494
464	494
466	494
467	496
468	496
471	497
471	498
471	500
472	505
476	512
478	514
480	518
480	520
480	522
480	524
480	525
480	526
480	528
480	529
479	529
478	529
478	530
476	530
475	530
474	530
472	532
471	532
470	532
467	532
464	532
463	532
459	532
455	532
454	530
452	530
451	530
451	528
448	528
447	528
444	528
443	528
440	528
439	526
435	526
432	525
431	525
428	524
427	524
426	524
423	522
422	521
419	521
418	520
415	518
412	517
411	517
411	516
410	516
408	513
407	513
406	513
404	512
404	509
403	509
402	508
399	505
396	504
392	501
390	501
387	498
384	497
380	496
379	493
375	492
372	490
371	490
370	489
368	486
367	486
364	486
363	485
360	484
359	482
358	481
356	481
354	480
352	480
351	478
348	478
348	477
346	476
344	474
342	473
342	472
339	472
338	470
336	470
335	470
334	470
334	468
331	468
330	466
328	465
326	464
322	462
319	461
318	461
316	461
315	460
314	460
312	460
314	462
314	466
315	468
318	472
322	476
323	480
326	482
327	485
330	488
331	489
334	493
336	496
340	500
342	501
343	504
344	504
344	506
344	508
342	508
342	509
342	510
344	510
348	512
350	513
352	514
356	514
359	516
363	518
367	520
371	522
375	524
379	525
383	526
384	526
387	526
388	526
388	528
388	529
388	530
391	530
391	533
394	534
395	537
399	538
402	542
403	544
406	546
407	548
410	550
412	552
414	553
416	553
418	554
419	554
419	556
422	556
423	557
424	557
426	558
427	558
428	560
428	561
430	561
430	562
430	564
430	565
430	566
430	569
432	570
432	572
434	573
434	574
436	577
436	578
436	580
438	580
440	580
442	580
442	582
442	584
443	584
444	584
446	584
446	585
446	588
446	589
446	590
446	592
447	593
447	594
447	596
447	597
447	598
447	600
447	601
447	602
448	605
451	608
452	609
452	612
454	613
455	613
456	613
458	616
458	617
459	617
462	618
462	620
463	621
464	622
467	622
467	624
468	624
468	626
468	628
470	628
470	629
470	630
470	632
470	633
470	634
470	636
470	637
470	638
470	640
470	642
470	644
470	645
470	646
470	648
470	649
468	650
467	650
466	650
464	650
463	652
462	652
460	652
459	652
458	652
456	652
454	652
451	652
450	652
447	653
446	653
443	654
442	654
439	654
438	656
436	656
435	658
434	658
432	660
431	660
430	660
430	661
428	661
427	661
427	662
428	662
430	662
432	662
434	662
436	665
438	665
442	665
446	666
447	666
450	666
454	666
456	666
459	666
460	666
462	666
463	666
464	666
466	666
468	666
470	666
472	666
474	666
475	666
476	668
478	668
480	668
482	668
484	669
487	669
488	670
491	670
492	670
492	672
492	673
492	674
492	677
492	678
491	681
490	681
488	684
486	684
482	685
480	685
478	685
474	685
472	685
470	686
463	686
460	686
458	689
456	689
454	689
451	689
448	690
447	692
444	692
443	693
442	693
442	694
439	694
439	696
439	697
439	698
439	700
438	700
438	701
436	701
435	701
434	704
431	704
430	704
427	704
426	705
422	708
419	708
416	708
415	708
415	710
412	710
411	710
408	712
407	712
403	712
402	714
399	716
395	717
392	720
388	721
387	722
383	725
380	726
379	728
378	729
376	729
375	729
374	730
372	730
368	730
367	730
366	732
364	732
363	732
362	733
360	733
359	733
359	734
358	734
356	734
355	736
354	736
354	738
351	740
350	741
348	741
347	742
346	742
344	742
344	744
346	745
350	745
356	746
364	746
368	748
376	748
380	748
387	748
392	748
394	748
395	748
398	748
399	748
402	748
403	746
406	746
407	746
408	745
411	744
415	740
419	737
422	736
424	733
428	732
430	730
432	729
436	728
438	725
442	725
443	725
446	722
448	722
450	722
452	721
455	721
458	721
460	720
462	720
464	720
468	720
470	720
472	720
474	720
475	720
476	720
478	720
479	720
482	720
486	722
487	722
490	724
492	724
495	724
496	724
498	724
499	724
499	725
499	726
500	728
500	729
500	730
502	732
503	733
504	734
506	737
507	737
507	738
507	740
507	742
508	742
508	744
510	745
511	746
511	748
512	748
514	749
515	749
516	749
518	749
518	750
519	750
520	750
523	750
524	750
526	750
526	749
527	748
528	746
530	746
531	746
532	746
532	748
534	748
535	750
535	752
536	753
536	754
538	754
539	754
540	754
543	754
543	757
544	757
546	757
547	757
548	757
550	757
551	757
552	757
554	757
555	757
556	757
558	757
559	757
560	757
563	757
564	757
566	756
567	756
567	754
567	753
570	750
571	750
571	749
571	746
571	745
571	744
571	742
571	741
572	741
575	741
579	741
583	741
586	741
590	741
591	741
592	741
594	741
595	741
596	741
596	740
596	738
596	737
596	736
596	733
596	730
596	729
596	726
595	726
595	725
595	724
595	722
594	720
594	718
594	716
594	714
594	712
594	710
594	709
594	708
594	706
596	705
598	704
602	702
603	701
607	700
611	700
614	700
618	700
620	700
623	700
624	700
626	700
626	701
626	702
626	704
626	705
626	706
628	706
628	708
628	709
628	710
628	712
630	713
630	714
631	714
631	716
630	716
630	718
627	718
626	720
623	721
622	722
619	725
618	726
616	728
616	730
615	730
614	733
614	734
611	736
611	737
611	738
610	740
610	741
610	742
608	742
606	745
606	748
604	749
603	749
602	749
602	752
600	753
599	753
596	753
595	756
595	757
592	758
591	760
591	761
591	764
590	765
590	766
590	768
590	769
590	770
590	772
590	773
591	773
591	774
592	774
592	776
594	776
595	777
595	778
598	778
603	778
606	778
610	777
612	774
616	773
620	769
622	765
623	762
624	758
626	756
627	753
627	750
628	749
628	748
628	746
628	744
631	742
632	742
634	742
635	742
635	744
635	746
635	749
635	753
635	757
635	762
632	768
631	769
628	773
624	780
622	784
620	788
619	789
618	792
618	793
616	796
615	797
614	798
612	800
610	802
608	802
607	805
603	809
602	814
599	816
598	818
595	820
594	822
592	822
590	825
590	826
587	826
586	826
583	826
582	829
579	830
575	830
574	830
571	830
568	832
567	832
564	833
563	834
560	836
559	836
558	837
556	837
555	840
554	841
554	844
552	845
551	848
551	849
548	850
548	852
547	853
547	854
546	856
544	857
543	857
540	857
540	858
539	858
539	861
538	861
536	862
538	862
539	862
542	862
546	860
550	858
558	856
564	853
571	850
576	850
578	850
580	849
584	846
588	846
592	845
596	844
602	842
606	841
610	840
614	840
618	840
622	837
623	836
626	834
627	833
627	832
628	832
628	830
630	830
630	829
632	829
634	828
638	826
644	822
652	818
659	814
664	812
670	809
675	808
679	806
680	806
683	806
683	808
683	809
683	812
683	813
683	817
684	820
687	822
687	824
687	826
688	829
690	832
692	834
694	836
698	840
698	842
700	845
700	846
702	846
702	848
702	849
702	850
702	853
702	854
702	856
702	857
702	858
702	860
702	861
702	862
702	864
702	865
702	866
703	868
703	869
704	870
704	873
706	873
706	874
706	876
706	877
708	877
710	880
710	881
710	885
712	886
714	889
714	890
714	893
715	894
716	896
719	897
719	900
720	900
720	901
723	901
724	904
726	904
728	905
730	906
731	908
732	908
734	908
736	910
739	912
740	913
743	914
746	914
747	916
748	916
751	918
754	920
755	920
756	920
756	921
759	921
759	922
762	924
764	925
767	926
770	929
774	930
776	933
780	934
782	936
783	936
784	936
786	936
787	936
787	937
790	937
791	937
792	937
794	937
795	937
796	937
796	936
796	934
796	933
796	932
794	928
787	920
774	908
763	902
755	898
754	896
752	896
751	896
751	894
751	893
751	892
751	889
751	888
751	885
751	884
751	880
751	877
751	874
751	873
751	872
751	870
751	869
751	868
751	865
751	862
751	861
751	860
751	858
751	857
751	856
751	854
751	853
751	850
751	849
751	845
751	842
751	841
751	838
751	836
750	833
750	829
750	828
750	825
750	824
750	822
750	821
750	820
750	818
750	817
748	814
748	813
748	812
747	809
744	809
744	808
744	806
744	804
744	802
744	800
744	798
744	794
744	793
744	788
744	784
744	780
744	778
744	776
744	774
744	773
744	772
744	770
744	769
747	769
747	768
747	766
748	765
748	764
748	762
750	761
750	760
750	758
750	757
751	757
751	754
751	753
751	752
751	750
750	753
748	757
746	762
746	768
746	772
746	774
746	777
746	781
746	782
746	784
746	786
746	789
746	790
746	793
748	794
750	798
751	801
752	805
755	806
756	808
756	809
756	810
759	813
760	813
762	813
762	814
762	816
763	816
764	817
764	818
766	820
766	822
767	825
770	826
770	829
772	832
774	833
774	836
774	838
776	841
778	845
782	846
786	849
790	850
794	853
798	854
800	854
800	856
803	856
804	856
804	857
806	857
807	858
810	861
811	861
814	861
814	862
815	864
816	865
818	865
818	868
818	869
818	872
820	873
822	876
822	877
822	878
822	880
822	881
822	882
824	884
824	886
826	890
826	893
828	896
830	897
830	901
831	904
831	905
831	906
831	908
832	909
832	910
832	912
832	914
832	916
832	917
834	918
834	921
834	922
834	925
836	926
836	930
836	933
839	934
840	937
840	940
840	941
840	944
840	945
840	948
840	949
840	952
840	953
843	954
843	956
843	957
844	958
846	961
848	962
850	965
852	968
855	969
856	972
858	973
860	976
863	978
864	981
867	982
868	985
870	985
870	986
871	986
871	989
872	989
872	990
872	992
874	993
874	996
875	996
875	997
875	998
876	1000
876	998
876	996
876	993
876	989
876	985
876	981
876	977
876	970
875	966
875	965
875	962
875	960
875	958
875	957
875	956
875	954
875	952
875	950
875	948
875	946
875	942
875	941
875	940
875	938
875	937
875	936
875	934
875	933
875	932
875	930
875	929
875	928
875	926
875	925
875	924
875	922
875	920
872	917
872	916
872	914
871	912
871	909
871	908
868	905
868	904
868	901
868	900
868	897
868	896
868	894
868	893
868	890
868	889
868	885
868	884
868	881
868	878
868	877
868	874
868	873
868	872
871	872
871	870
872	869
872	868
875	865
875	864
875	861
876	860
876	857
878	856
879	854
880	854
883	854
884	854
887	854
891	854
894	854
895	854
899	853
902	850
903	850
903	849
903	848
903	846
903	845
903	844
903	842
903	840
900	836
899	833
899	832
895	828
894	825
891	821
888	820
887	817
884	816
884	813
883	812
880	809
880	808
879	808
879	806
879	805
876	804
876	801
872	800
868	796
867	792
864	789
863	786
863	785
863	784
863	782
863	781
863	780
863	778
863	777
864	777
866	776
867	776
868	776
870	776
872	773
875	773
876	773
880	773
882	773
883	773
884	773
886	773
887	773
888	773
891	773
894	773
895	773
895	774
896	774
896	776
899	777
900	780
900	781
902	784
904	785
904	786
906	786
906	788
906	789
908	789
910	790
910	793
911	793
914	793
914	794
915	794
916	794
916	796
919	796
919	797
920	797
920	800
922	801
923	801
926	801
926	802
927	802
928	804
928	805
930	805
930	808
930	809
931	810
934	813
935	814
936	816
939	817
939	818
942	821
943	821
943	822
944	824
946	825
947	825
947	826
947	828
948	829
948	830
948	833
950	834
954	837
955	840
959	841
963	845
964	848
966	849
967	852
968	853
968	854
968	856
970	857
970	860
970	861
970	864
971	865
971	868
971	869
974	872
975	873
976	876
978	878
980	880
982	882
983	884
986	886
987	888
988	890
992	892
994	894
995	896
998	897
998	898
998	900
1000	902
1002	902
1002	905
1004	905
1004	906
1006	906
1006	905
1006	902
1004	900
1002	896
1002	892
999	888
998	884
998	882
996	878
994	877
994	874
991	870
990	866
988	866
988	864
987	862
987	860
986	857
984	856
984	853
983	852
983	849
982	848
982	845
982	844
982	841
982	840
982	838
982	836
982	833
982	830
982	829
982	828
982	826
982	825
982	824
982	822
983	822
986	820
986	818
987	818
988	818
990	818
991	818
992	818
994	818
995	818
995	821
995	822
996	822
998	824
998	826
999	828
999	829
999	830
999	832
999	834
1000	836
1000	838
1003	841
1003	842
1003	845
1006	846
1006	849
1007	850
1007	852
1007	854
1007	857
1008	861
1010	864
1012	868
1014	872
1016	873
1018	876
1018	877
1020	878
1022	881
1023	881
1024	881
1026	881
1027	881
1028	881
1030	881
1031	881
1031	880
1031	877
1031	874
1031	870
1031	866
1031	864
1031	861
1031	860
1034	857
1034	854
1035	853
1035	852
1036	852
1038	852
1039	852
1040	852
1044	856
1046	856
1047	858
1048	860
1050	860
1051	861
1054	864
1055	864
1058	866
1062	869
1070	872
1076	874
1080	876
1083	878
1084	880
1087	881
1087	882
1088	882
1090	882
1091	885
1094	885
1095	885
1096	885
1096	884
1096	881
1095	878
1094	874
1090	868
1086	864
1083	861
1083	858
1083	857
1080	854
1079	853
1079	852
1079	850
1079	848
1079	845
1079	844
1079	842
1079	840
1079	836
1079	833
1079	829
1076	825
1076	822
1076	818
1075	817
1075	816
1074	814
1074	813
1072	810
1071	809
1071	806
1071	805
1068	802
1067	801
1067	800
1067	798
1066	798
1064	797
1063	796
1062	794
1059	793
1059	790
1059	789
1058	788
1058	785
1055	784
1055	781
1055	778
1054	777
1054	776
1054	774
1054	773
1055	773
1058	773
1058	772
1059	772
1062	772
1063	772
1066	773
1070	774
1072	776
1072	777
1074	777
1074	778
1075	778
1078	780
1079	782
1082	784
1083	786
1086	788
1086	790
1087	792
1090	793
1091	797
1094	798
1095	802
1098	805
1100	809
1102	812
1104	813
1106	817
1108	818
1108	820
1111	822
1112	824
1115	828
1116	829
1118	832
1119	833
1120	837
1124	840
1126	844
1127	844
1128	846
1131	848
1131	850
1132	852
1134	853
1134	854
1135	856
1135	858
1135	861
1135	862
1138	866
1139	866
1140	868
1140	870
1142	870
1143	870
1144	870
1146	870
1148	870
1150	870
1151	869
1151	865
1151	862
1151	861
1151	857
1151	856
1151	854
1151	853
1152	852
1154	850
1154	849
1156	849
1158	849
1160	849
1162	849
1164	849
1167	849
1171	849
1172	849
1175	849
1176	849
1178	849
1179	849
1180	848
1182	846
1183	845
1183	844
1183	841
1183	840
1183	837
1183	836
1182	836
1182	833
1180	832
1180	830
1180	829
1178	826
1178	825
1178	824
1175	822
1174	820
1172	818
1170	814
1168	813
1166	810
1164	809
1163	808
1162	804
1160	802
1159	798
1156	796
1156	794
1155	794
1155	793
1155	792
1155	790
1154	790
1151	788
1150	785
1150	784
1147	784
1146	784
1144	781
1144	780
1143	778
1142	777
1140	774
1139	773
1139	770
1139	768
1136	768
1136	765
1135	764
1135	761
1132	761
1132	760
1132	757
1132	756
1131	754
1131	753
1130	750
1128	749
1127	746
1127	745
1126	744
1124	742
1124	741
1123	740
1122	740
1120	740
1118	740
1116	738
1116	736
1115	736
1115	734
1114	733
1112	733
1112	732
1110	732
1108	732
1108	729
1106	729
1104	728
1104	726
1103	726
1102	726
1102	725
1100	725
1100	724
1099	724
1098	722
1096	722
1095	722
1095	721
1095	720
1094	720
1094	718
1092	718
1092	717
1092	716
1091	716
1091	714
1088	712
1088	710
1088	708
1087	706
1087	704
1086	701
1084	700
1083	696
1083	694
1082	692
1082	690
1082	689
1080	686
1080	685
1080	682
1080	681
1078	681
1078	678
1078	677
1078	676
1078	674
1078	673
1078	672
1076	672
1076	670
1076	669
1076	668
1075	666
1075	665
1075	664
1075	662
1075	661
1075	660
1075	657
1072	656
1072	653
1072	652
1072	648
1072	646
1072	645
1072	644
1072	642
1072	641
1072	640
1072	638
1072	637
1072	634
1072	633
1072	632
1072	630
1072	629
1072	628
1072	626
1072	625
1074	625
1074	622
1074	621
1075	621
1076	621
1080	621
1082	621
1084	620
1088	620
1090	620
1091	620
1092	620
1094	621
1095	621
1095	624
1096	625
1098	625
1098	626
1099	628
1099	629
1100	630
1102	630
1102	632
1104	634
1107	636
1108	638
1111	638
1112	640
1116	642
1118	644
1120	645
1120	646
1120	648
1123	649
1123	652
1124	652
1126	654
1126	656
1127	656
1127	657
1128	657
1130	657
1130	658
1132	658
1134	658
1134	661
1136	661
1138	661
1140	661
1142	661
1143	664
1144	664
1146	664
1148	664
1150	665
1151	665
1154	665
1155	665
1156	665
1158	665
1160	665
1163	666
1164	666
1167	668
1168	668
1171	669
1175	670
1178	672
1182	672
1183	673
1184	673
1186	673
1187	673
1190	674
1191	676
1191	677
1194	677
1195	677
1196	680
1198	680
1199	680
1200	681
1203	681
1204	681
1207	681
1208	681
1210	681
1211	681
1214	681
1215	681
1218	681
1219	681
1222	681
1224	681
1226	681
1227	680
1230	680
1230	677
1231	677
1231	676
1231	674
1234	674
1234	673
1234	670
1235	669
1235	668
1235	665
1236	664
1236	661
1236	660
1238	658
1238	657
1238	656
1238	649
1239	642
1240	634
1243	629
1243	626
1243	625
1243	622
1243	620
1243	618
1243	617
1243	616
1244	616
1244	614
1244	612
1244	610
1244	609
1244	608
1244	606
1244	605
1244	604
1244	601
1242	598
1242	596
1240	592
1240	589
1238	586
1236	584
1236	581
1236	580
1235	580
1234	578
1232	577
1232	574
1231	573
1231	572
1231	569
1231	566
1230	564
1227	562
1227	558
1227	557
1227	554
1227	553
1227	552
1227	550
1227	549
1227	548
1227	546
1227	545
1227	544
1227	541
1227	540
1227	537
1227	536
1227	532
1227	528
1227	525
1227	521
1227	517
1227	514
1227	510
1227	508
1227	506
1227	505
1227	502
1227	501
1227	500
1227	498
1227	497
1227	496
1227	494
1227	492
1227	490
1227	488
1226	486
1224	484
1224	481
1223	478
1222	477
1220	473
1219	470
1219	469
1219	466
1216	465
1215	464
1215	461
1212	461
1211	458
1208	458
1207	457
1204	457
1203	456
1200	454
1199	453
1196	453
1194	450
1192	450
1192	449
1191	449
1191	448
1190	448
1188	448
1187	448
1187	446
1186	446
1184	445
1183	446
1183	448
1183	449
1183	450
1183	453
1183	454
1183	456
1183	458
1182	460
1182	461
1182	464
1182	465
1182	468
1182	470
1182	474
1182	477
1180	478
1180	481
1180	482
1180	485
1180	486
1180	488
1180	489
1179	492
1179	493
1179	496
1179	497
1179	498
1179	500
1178	500
1178	502
1178	504
1176	504
1175	505
1174	505
1172	506
1171	508
1170	508
1167	508
1166	509
1163	509
1162	510
1158	512
1155	512
1152	514
1150	514
1147	514
1146	514
1144	514
1143	514
1142	514
1140	514
1139	514
1138	514
1136	514
1134	517
1132	517
1130	517
1127	517
1126	517
1126	518
1123	518
1122	520
1120	521
1118	521
1116	522
1115	522
1112	522
1111	525
1110	525
1107	526
1106	526
1104	526
1103	526
1102	526
1099	526
1095	526
1091	526
1088	526
1086	526
1084	526
1082	526
1080	526
1079	526
1078	526
1076	526
1075	526
1072	526
1071	526
1068	526
1067	526
1064	526
1063	526
1062	526
1059	526
1058	525
1054	525
1051	525
1050	525
1048	525
1047	525
1046	525
1044	525
1044	524
1043	524
1042	524
1042	522
1040	521
1039	518
1038	518
1036	517
1035	516
1035	514
1032	513
1032	512
1031	512
1028	510
1028	509
1026	509
1024	508
1020	506
1019	505
1016	504
1015	502
1012	500
1010	500
1008	498
1007	497
1007	496
1006	496
1004	493
1002	492
1000	490
998	488
995	485
992	484
988	480
984	477
982	474
979	472
975	469
972	469
971	468
968	465
967	465
966	465
964	465
963	465
960	465
959	465
956	465
955	465
952	462
950	462
948	462
947	461
944	461
942	461
940	461
939	461
938	461
938	460
936	460
935	460
935	457
934	457
934	456
936	453
938	450
938	448
939	446
939	444
939	442
939	441
939	440
939	438
939	437
939	434
939	433
939	432
939	430
938	429
938	428
936	425
934	424
931	421
928	420
926	417
922	414
919	413
915	410
912	409
910	406
908	406
906	405
904	405
903	405
902	405
902	404
900	404
899	404
899	402
899	400
896	400
895	400
892	397
891	396
890	394
890	393
890	392
890	390
890	389
890	388
888	388
887	388
887	386
884	386
884	385
883	385
883	384
883	382
883	378
882	377
879	374
879	372
879	370
879	369
878	368
878	366
878	365
878	364
878	361
878	360
878	358
878	357
878	356
878	354
878	353
878	352
878	350
878	349
878	346
878	345
878	341
878	337
878	333
879	329
880	326
880	320
880	317
883	313
883	310
886	308
886	306
887	304
888	302
891	300
892	298
894	296
895	293
898	292
899	289
899	288
900	285
902	284
902	282
902	281
904	281
906	280
907	280
907	277
910	276
914	273
919	270
922	266
924	262
926	260
927	257
927	256
928	254
928	253
930	253
930	252
931	252
934	249
935	248
938	248
938	245
939	244
939	242
939	241
935	241
931	241
927	241
924	241
920	241
920	242
916	244
912	246
911	248
908	249
904	250
904	252
902	252
900	252
900	253
899	253
896	256
894	257
891	257
890	258
888	258
887	260
886	260
884	260
883	260
882	260
880	260
878	260
876	261
874	261
872	261
870	261
868	261
867	261
866	261
864	261
863	261
862	261
860	261
859	261
856	261
855	261
851	261
848	261
844	261
840	260
838	260
836	260
836	257
836	254
836	252
836	250
836	246
836	242
835	238
835	237
834	234
834	233
834	232
832	232
831	232
830	232
827	232
824	234
823	234
820	236
819	237
816	238
814	240
811	241
810	241
808	242
806	242
804	242
803	242
802	242
802	240
802	238
802	236
802	234
802	230
803	226
803	224
806	220
806	217
806	212
808	210
810	206
814	204
816	200
819	198
823	197
824	193
828	192
831	188
832	185
835	181
835	180
835	178
835	177
834	177
827	177
824	177
820	177
815	177
811	180
807	181
806	181
802	182
800	182
799	184
798	185
796	185
795	185
792	188
792	189
790	189
788	190
787	193
786	194
784	196
783	197
782	198
780	200
779	204
778	205
775	208
774	209
772	212
772	213
770	216
770	217
770	220
770	221
770	224
770	226
770	229
770	230
770	232
770	234
770	237
770	238
770	240
770	242
770	244
768	246
768	249
767	250
767	252
767	253
766	253
763	253
763	254
762	254
762	253
759	252
758	249
758	248
756	245
754	242
751	240
750	237
747	236
744	233
740	230
736	229
734	225
731	224
731	222
730	222
728	221
728	220
727	218
727	217
726	214
724	213
723	212
722	209
720	209
720	206
719	205
718	205
716	204
714	201
712	200
710	197
703	193
699	190
698	188
695	186
691	186
688	186
687	186
686	186
686	188
686	189
686	190
686	192
686	194
686	196
686	198
686	201
686	202
686	206
687	208
687	210
687	213
688	214
688	216
690	218
690	220
692	222
694	225
696	229
698	232
700	237
703	241
704	248
708	252
708	256
708	257
708	258
708	260
708	261
708	262
707	262
706	262
704	262
704	265
703	265
702	265
699	265
698	264
694	264
691	262
688	262
686	261
683	260
682	258
679	257
679	256
678	253
678	252
675	250
675	248
675	245
675	242
674	242
674	240
672	238
671	238
670	238
670	236
668	236
668	234
667	234
666	233
666	230
664	230
664	229
663	228
662	228
660	226
659	226
658	226
655	225
655	224
654	224
654	222
652	222
651	220
650	220
648	218
647	216
644	216
640	213
636	210
635	208
632	205
630	204
628	200
624	198
622	197
618	193
615	190
612	189
612	188
612	186
612	185
612	184
611	182
611	181
610	177
608	173
604	168
602	164
599	160
599	158
598	157
598	156
598	154
596	153
596	150
595	148
594	145
594	142
592	141
592	138
592	137
591	134
590	130
590	126
590	124
590	122
588	118
586	117
586	114
583	110
583	108
583	106
582	104
582	101
580	100
580	97
579	96
579	93
579	89
579	88
576	85
576	84
576	81
576	78
575	77
575	74
575	73
575	72
575	70
575	69
572	69
572	66
571	65
570	62
567	58
566	54
562	50
559	46
558	42
556	42
555	42
554	42
552	42
552	44
551	44
551	46
551	48
548	48
548	49
548	52
548	54
548	58
548	64
548	70
547	74
547	77
547	81
547	85
547	89
547	93
547	97
547	98
546	101
546	104
546	105
546	106
546	109
546	110
546	112
546	113
546	116
546	117
546	118
546	120
544	122
544	124
544	125
544	126
543	128
542	129
540	129
538	129
536	130
535	130
532	130
531	132
528	133
527	134
524	136
523	138
522	138
520	138
519	138
519	141
518	141
515	141
514	144
512	145
510	149
508	150
507	153
507	154
507	157
507	158
507	160
507	161
507	162
507	165
507	168
508	168
510	170
514	174
518	177
522	181
526	184
528	186
530	188
532	189
532	190
532	192
534	192
534	194
534	196
535	197
535	201
535	205
535	206
535	210
535	213
535	216
535	220
535	221
535	224
535	225
535	228
535	229
535	230
535	232
535	233
535	234
535	236
535	237
535	238
535	240
535	242
535	244
535	246
535	249
535	253
535	256
535	257
535	258
535	260
535	261
535	262
535	264
535	265
534	266
534	268
532	270
531	272
531	274
530	274
528	274
527	274
524	274
523	273
522	273
519	273
516	272
512	272
507	272
502	272
496	272
492	272
491	272
488	270
487	270
486	270
486	268
483	266
482	266
479	266
479	264
478	262
475	262
472	262
471	262
470	262
468	260
467	260
464	260
463	260
462	260
460	260
459	258
456	258
455	257
454	257
452	257
452	256
451	256
450	256
448	256
446	256
444	256
443	256
442	256
440	256
439	256
438	256
438	254
436	254
435	254
434	254
432	254
431	254
430	254
428	254
427	254
426	254
426	257
423	257
422	257
422	258
419	258
418	258
418	260
416	260
416	261
415	262
415	264
415	265
414	265
414	266
414	268
414	269
414	270
