566	380
564	380
560	376
558	374
554	374
552	374
552	372
550	372
548	372
546	372
544	374
540	374
538	376
536	378
534	380
532	380
532	382
530	382
528	382
526	382
526	384
524	384
522	384
520	384
518	384
514	384
512	384
510	384
506	382
502	382
500	380
498	380
498	378
496	378
494	378
492	374
490	374
488	374
486	374
484	374
482	374
480	374
478	374
478	378
476	378
476	376
474	376
474	372
474	370
472	370
470	370
464	370
460	370
454	370
452	370
450	370
448	370
446	370
444	372
442	372
442	374
438	374
438	376
438	378
438	380
438	382
438	384
438	386
436	386
436	388
436	392
434	394
434	396
434	398
434	400
434	402
434	404
434	406
434	408
434	412
434	414
434	416
434	418
434	420
434	422
434	424
434	426
434	428
434	430
434	432
434	436
434	438
434	442
432	444
432	446
432	448
432	450
432	452
430	452
430	454
430	456
426	456
424	458
424	460
424	462
422	462
422	464
422	466
422	468
418	468
416	468
414	468
412	468
410	472
406	472
404	472
402	472
400	472
398	472
398	476
396	476
394	478
394	480
392	480
392	482
392	484
392	486
392	488
392	490
392	492
392	494
392	496
392	498
392	500
396	500
396	502
398	504
400	506
402	506
406	506
408	506
410	506
412	506
414	506
416	506
416	508
418	510
420	512
422	512
424	514
426	518
430	518
430	520
432	520
432	522
432	524
432	526
434	526
434	530
434	532
434	536
434	538
436	538
436	542
436	544
436	546
436	548
436	550
434	550
434	552
430	552
430	554
428	558
428	560
424	560
422	560
422	562
422	564
418	564
418	566
416	566
414	568
412	568
410	570
408	572
406	572
404	572
402	572
400	574
398	574
396	574
396	578
394	578
394	580
392	580
390	580
390	582
388	582
384	582
382	582
378	582
376	582
374	582
372	582
370	582
370	584
370	586
370	588
370	590
370	592
370	594
370	596
372	598
372	600
376	602
378	604
382	608
384	610
386	610
386	612
386	614
386	616
386	618
384	618
380	622
378	622
376	622
372	626
372	628
370	628
366	628
364	628
362	628
360	628
358	628
356	628
354	628
352	628
352	630
350	630
348	632
348	634
346	636
346	638
346	640
346	642
346	644
348	646
350	648
352	648
354	650
354	652
356	652
356	656
358	656
358	658
358	660
360	662
360	664
360	666
360	668
360	670
360	672
360	674
360	676
356	676
356	678
354	678
354	680
350	682
350	684
350	686
350	688
350	690
350	694
350	696
350	700
350	702
352	702
352	704
354	706
354	708
358	708
358	710
360	710
362	712
366	712
370	712
372	714
372	716
376	716
376	718
378	718
378	720
378	722
378	726
378	730
378	732
378	734
378	736
378	738
382	738
384	738
384	740
386	740
388	740
390	740
392	740
396	740
398	740
400	740
402	740
402	738
406	738
406	736
406	734
408	732
408	730
408	728
408	726
408	724
408	722
408	720
404	720
404	716
404	714
404	712
404	710
404	708
406	708
406	706
408	706
408	702
410	700
412	700
416	700
418	700
422	696
426	696
428	696
428	694
430	694
432	694
438	694
442	694
444	694
446	694
450	694
454	694
458	694
462	696
464	700
468	700
470	700
472	700
476	702
478	702
478	704
480	706
480	708
484	708
486	708
486	710
490	710
490	712
492	714
492	716
492	718
494	720
498	724
500	726
502	730
504	730
504	734
506	736
508	738
508	740
508	742
508	744
508	746
508	748
508	750
508	752
510	752
512	752
512	756
514	756
516	758
520	758
522	758
524	758
526	758
526	756
528	752
528	750
530	750
532	748
534	748
538	744
542	744
544	744
546	744
548	748
552	750
554	752
558	756
560	756
564	756
568	760
570	760
574	762
576	764
578	766
580	768
580	770
584	770
586	774
592	778
598	780
604	786
610	788
614	792
616	792
620	792
620	796
620	798
620	800
622	802
624	802
624	806
626	806
628	806
628	804
628	802
628	798
628	796
628	794
628	792
630	790
632	788
636	786
638	786
642	786
644	786
648	786
652	786
652	790
656	792
658	792
658	794
658	798
660	798
660	802
660	804
660	806
660	808
660	810
660	812
660	814
660	816
660	818
660	820
660	822
660	824
662	824
662	826
664	828
666	830
668	830
670	832
672	832
674	832
676	832
678	832
678	830
680	830
680	826
682	826
682	824
682	822
686	820
688	820
690	818
694	818
696	818
698	818
700	818
704	818
708	818
710	818
712	818
714	818
714	816
714	814
714	812
714	810
716	810
718	810
722	810
724	810
726	810
728	810
730	810
732	812
734	812
736	812
738	812
740	812
742	812
744	812
746	812
746	810
746	808
746	806
746	802
746	800
746	798
744	796
742	796
742	794
740	792
736	792
732	792
732	790
730	790
728	788
728	786
728	782
728	780
728	778
728	774
728	770
728	768
728	764
728	760
732	758
734	758
734	756
736	756
740	756
744	756
750	760
754	762
756	762
758	762
760	762
762	762
764	762
766	762
766	760
766	758
766	756
766	754
768	754
770	754
772	754
776	752
780	748
784	748
786	748
790	748
792	748
794	748
798	748
800	748
804	748
806	748
808	748
810	748
810	746
812	744
812	742
814	742
814	738
816	736
818	736
820	736
822	732
822	730
826	730
828	730
830	728
832	728
832	726
834	726
836	726
838	726
838	724
842	724
842	720
842	718
842	716
842	714
844	714
844	710
846	710
848	710
850	708
852	708
854	708
856	708
858	708
860	708
862	708
864	708
868	708
872	708
874	708
876	708
878	708
878	704
878	702
878	700
878	696
878	694
876	694
876	692
874	692
874	690
870	690
868	688
868	684
868	680
868	678
868	676
872	676
874	674
876	672
878	670
882	670
884	670
886	670
888	670
890	670
892	670
894	670
896	670
898	670
900	670
902	670
904	670
906	670
908	670
910	670
912	668
916	666
916	662
918	660
918	658
918	656
918	654
918	652
918	650
918	648
916	646
916	644
914	644
914	642
910	638
910	636
910	634
910	632
910	630
910	626
910	622
910	620
910	616
910	612
910	610
910	606
910	604
910	602
910	600
910	598
910	596
912	594
912	592
912	590
914	590
914	588
916	588
918	588
920	588
924	590
926	592
926	594
928	596
930	598
934	600
936	602
940	604
942	604
942	606
944	606
946	606
948	606
952	606
956	606
958	606
960	602
962	602
964	598
966	598
966	596
968	594
968	592
968	590
968	588
968	586
968	582
968	580
964	580
964	576
962	576
958	576
958	574
958	572
958	570
960	570
962	570
966	570
968	570
972	570
974	570
976	570
976	566
978	566
978	564
980	562
980	560
980	558
980	554
980	552
980	550
980	548
980	546
980	544
982	544
982	542
984	542
986	540
986	538
988	538
988	536
988	534
992	534
992	532
994	530
996	530
998	530
1000	528
1002	528
1004	528
1008	528
1010	528
1012	528
1012	526
1012	524
1014	524
1014	522
1014	520
1018	520
1018	518
1018	516
1020	516
1020	514
1020	512
1020	510
1020	506
1020	504
1020	500
1020	498
1020	496
1020	494
1018	490
1014	490
1012	490
1010	490
1008	490
1006	488
1004	488
1004	486
1002	484
1002	482
1002	480
998	480
1002	474
1004	468
1004	462
1004	460
1004	456
1006	454
1006	452
1008	450
1010	450
1012	450
1014	450
1016	450
1016	448
1016	444
1016	442
1016	440
1018	440
1018	438
1018	436
1018	434
1018	430
1018	428
1018	426
1018	424
1018	422
1018	420
1018	418
1016	416
1012	412
1010	412
1004	412
1002	410
1002	406
998	406
998	404
994	404
992	404
992	402
988	402
986	402
984	402
982	402
980	402
978	402
976	402
974	402
970	402
968	404
968	408
966	408
964	410
964	412
962	412
960	414
958	414
956	414
954	414
952	414
950	414
950	410
946	408
944	406
942	402
942	400
942	398
942	396
942	392
942	390
942	388
946	388
946	386
946	384
950	384
952	384
952	382
954	382
956	380
958	380
960	378
962	378
964	378
964	374
964	372
964	370
964	368
964	366
964	364
964	362
964	360
964	358
962	358
962	354
958	354
956	354
954	354
952	354
950	354
948	354
944	354
942	352
938	352
938	350
936	350
934	350
934	348
934	346
934	342
932	338
932	336
932	334
930	334
930	332
926	332
926	330
924	330
922	328
920	328
918	328
916	326
914	326
912	324
908	324
908	322
908	320
906	320
906	318
904	318
902	318
900	318
898	318
896	320
894	322
894	324
894	328
894	330
894	332
894	334
892	334
890	334
888	334
886	332
886	330
884	328
882	326
882	324
882	322
880	322
880	320
880	318
880	316
880	314
876	314
872	310
864	304
856	302
850	298
846	298
844	298
842	298
840	298
840	296
836	296
834	294
832	294
832	292
830	292
828	292
826	292
824	292
822	292
818	292
814	292
810	292
808	292
806	292
804	292
800	292
796	290
794	290
792	288
790	288
788	286
786	286
786	284
784	284
782	284
780	284
780	280
778	280
776	280
776	282
774	282
774	286
774	288
774	290
774	292
774	294
774	296
774	300
776	300
776	304
778	306
778	308
778	310
782	310
782	312
782	314
782	316
780	318
778	318
776	318
772	318
770	316
768	314
766	310
760	306
756	304
754	300
750	300
748	298
746	296
746	294
744	294
744	292
742	292
742	290
742	288
742	286
742	284
742	282
742	280
742	278
744	276
744	274
744	272
744	270
744	268
744	266
744	264
744	262
744	260
742	258
742	256
740	254
738	252
738	248
736	248
734	248
734	246
730	246
730	242
726	242
724	242
722	242
722	240
720	240
718	240
714	240
712	238
710	238
706	238
704	238
702	238
700	238
698	238
696	240
694	240
694	244
692	246
692	248
690	250
690	252
690	254
690	258
692	260
694	260
694	262
696	264
698	264
698	266
702	266
702	268
704	268
704	270
704	272
706	272
706	274
706	276
706	278
706	280
706	282
706	284
706	286
706	288
706	290
702	290
702	292
700	294
698	294
698	296
696	296
694	296
692	296
692	292
688	292
686	292
684	292
684	288
682	288
680	288
678	288
676	288
674	288
672	288
672	292
670	292
668	292
666	292
664	292
664	294
664	296
660	296
658	296
656	296
654	296
650	296
648	296
644	296
640	296
638	296
636	298
636	300
634	302
632	306
632	308
628	314
626	316
626	320
622	322
622	324
620	326
620	328
620	330
620	334
620	336
620	338
620	340
620	342
616	342
616	344
614	346
612	346
610	350
608	350
606	350
606	352
606	354
606	356
606	358
604	360
604	362
604	364
604	366
602	368
602	370
600	370
598	370
596	370
594	370
592	370
590	368
590	366
588	366
588	364
588	362
588	360
588	358
588	356
590	356
590	354
594	352
594	350
596	348
596	346
596	344
596	342
596	340
596	338
596	336
596	334
596	332
596	330
596	328
596	326
596	324
596	322
596	320
596	318
596	316
594	316
592	316
590	316
588	316
586	316
584	316
584	320
584	322
582	324
580	324
578	326
578	328
576	328
576	330
574	330
574	332
572	332
572	334
570	334
568	334
566	334
560	334
558	334
556	334
554	332
552	330
548	326
548	324
544	324
542	324
542	322
538	322
536	322
534	322
532	322
532	324
532	326
532	330
532	332
532	334
532	338
532	340
532	344
532	346
534	350
538	354
538	356
542	358
544	360
548	360
548	362
550	362
550	364
552	366
554	368
556	370
556	372
558	372
558	374
558	376
562	376
562	378
562	380
564	380
564	382
