670	318
668	318
667	318
666	318
664	318
663	318
662	318
660	318
658	318
655	318
654	318
651	318
650	318
648	318
646	318
644	318
642	318
640	318
636	318
635	318
634	318
631	318
630	318
627	318
626	318
624	318
623	318
622	318
620	318
619	318
618	318
615	318
612	318
610	318
608	318
606	318
604	318
603	318
600	318
599	320
596	320
595	320
592	320
591	322
588	322
587	322
586	322
583	322
582	322
579	322
578	322
576	322
574	322
572	322
570	325
568	325
566	325
563	325
562	325
560	325
559	326
558	326
556	328
555	329
552	333
551	336
548	340
547	341
544	344
543	345
540	348
539	349
538	352
535	352
535	354
535	356
534	356
534	357
532	357
532	360
531	361
530	361
530	362
530	365
528	365
528	368
528	369
528	372
527	376
527	378
524	380
524	384
523	385
522	388
522	390
520	392
520	394
519	396
518	398
518	400
515	402
515	404
512	406
511	409
511	410
511	413
511	414
511	417
511	418
511	420
511	421
511	422
511	426
511	429
511	434
510	441
510	446
510	453
510	458
510	465
510	469
510	473
510	474
510	477
510	481
510	484
511	485
511	486
512	486
512	488
514	489
514	492
515	492
515	494
515	496
518	500
518	501
519	504
519	506
519	512
522	521
526	529
530	536
534	541
535	544
535	546
536	548
536	549
538	550
538	552
538	553
539	554
539	556
539	557
539	560
539	561
540	564
543	565
543	566
544	570
547	573
548	577
552	581
558	588
562	594
566	598
571	605
579	613
586	622
588	628
591	633
592	637
592	641
592	644
595	645
595	648
595	649
595	650
596	652
596	653
598	653
598	654
599	656
602	657
603	658
606	658
607	660
608	661
608	662
611	664
612	665
614	666
618	670
619	673
622	674
622	676
624	677
626	680
627	681
630	684
630	685
630	686
632	688
632	689
634	692
635	692
638	694
638	696
639	697
639	698
640	701
643	702
644	704
646	706
647	706
650	706
650	708
651	709
654	710
656	712
658	713
659	713
662	713
662	714
663	714
663	717
666	720
668	721
671	724
671	725
674	728
674	729
674	730
674	732
674	733
674	736
674	737
674	738
674	740
674	741
674	744
674	745
674	748
674	750
674	752
674	753
674	756
674	757
674	758
675	758
676	760
676	761
678	762
680	765
682	765
683	766
684	768
688	769
691	772
694	776
695	778
698	780
698	781
699	781
700	784
700	785
702	786
702	788
702	789
703	790
704	792
707	793
707	794
708	798
711	800
712	801
714	801
716	802
716	804
719	804
720	806
723	806
724	806
724	808
726	809
728	809
730	810
732	812
735	813
739	813
742	814
746	814
747	814
747	813
748	813
748	812
748	809
748	806
744	802
740	797
740	796
740	794
739	793
738	790
738	789
736	788
735	786
735	785
734	785
734	784
734	782
734	781
734	780
736	777
740	776
744	773
748	770
751	769
752	766
755	766
756	765
758	765
759	765
759	764
760	764
760	762
760	761
760	760
760	758
760	757
760	756
760	753
760	750
760	749
760	746
760	745
760	741
760	738
760	737
763	736
764	733
768	730
771	729
772	726
775	726
779	724
780	724
783	722
786	721
787	721
790	720
791	720
792	720
794	720
795	721
795	724
798	725
798	728
799	729
800	732
803	734
803	736
806	738
807	740
808	742
811	746
814	749
815	750
822	756
823	760
827	762
830	765
830	766
831	768
831	769
832	769
834	769
834	770
835	770
838	770
839	772
842	772
843	772
847	774
848	774
850	774
851	774
854	776
854	778
855	778
856	778
858	778
859	778
860	778
864	778
867	778
871	778
874	778
876	778
878	778
882	777
882	776
883	774
886	772
886	770
888	769
890	766
890	765
891	762
891	760
891	758
891	756
891	753
894	753
894	752
894	750
894	749
894	748
894	746
894	744
892	744
892	742
892	740
891	738
891	734
890	733
890	729
890	725
887	724
886	720
886	717
886	713
884	709
882	708
882	706
882	704
879	702
879	700
878	697
878	694
875	693
874	690
871	689
870	686
867	685
866	682
864	682
863	682
863	680
862	678
862	676
860	676
860	673
859	672
859	670
859	669
859	668
859	666
859	664
859	661
860	658
863	656
867	654
870	652
871	649
874	648
874	646
874	644
875	644
876	644
878	644
879	645
882	645
886	648
892	648
898	648
902	650
908	652
914	652
919	652
922	652
924	652
926	652
927	652
930	652
931	652
935	649
936	649
939	648
940	646
943	646
946	645
948	644
950	642
952	640
955	637
959	636
962	632
963	628
966	626
967	625
970	621
971	618
972	617
975	613
975	612
975	609
975	606
975	605
976	601
976	600
976	598
979	594
979	592
979	588
979	586
979	585
979	584
979	582
982	582
982	581
982	580
982	578
982	577
982	576
982	574
982	572
982	570
982	568
982	566
982	564
982	561
979	560
979	556
979	552
976	549
976	545
975	542
975	541
974	538
971	536
970	532
967	529
963	526
962	525
959	525
959	524
959	522
958	522
956	521
956	520
955	518
954	517
951	514
950	512
947	510
943	508
939	505
936	502
935	500
931	497
930	496
928	493
926	492
924	490
922	488
920	488
919	488
919	485
919	484
916	484
915	484
915	481
915	480
912	478
911	477
910	476
907	473
906	472
904	469
903	466
900	464
899	462
896	460
896	457
894	456
892	453
890	452
888	449
887	448
886	445
884	444
883	442
883	441
880	437
879	436
876	433
875	433
875	430
874	430
872	429
872	426
871	426
870	424
870	422
868	420
866	420
866	417
863	414
860	412
858	410
856	406
854	405
852	404
850	400
847	396
847	392
844	389
843	388
843	386
842	385
842	384
840	384
840	382
838	382
838	381
836	381
836	380
835	380
834	380
831	380
831	378
831	377
830	377
830	376
828	374
828	373
828	372
828	370
828	369
828	368
828	365
828	362
828	361
828	357
828	353
828	349
828	346
828	344
828	341
827	341
827	340
826	340
824	338
823	338
822	338
820	336
818	336
816	334
814	334
812	334
810	333
808	333
804	333
802	333
799	333
798	333
796	333
795	333
794	333
792	333
791	333
787	333
783	333
779	332
776	330
775	330
772	328
772	326
772	324
772	322
772	318
772	316
772	313
771	309
771	304
768	298
767	293
764	289
762	284
760	282
758	280
756	280
755	278
754	278
752	278
751	278
750	278
747	278
746	278
744	278
743	278
742	278
739	278
738	278
736	278
735	278
732	278
731	278
730	278
727	278
724	278
723	278
722	278
720	278
719	278
718	278
716	278
715	280
712	280
711	280
710	281
708	281
706	282
704	282
703	282
700	285
699	285
696	286
695	286
694	288
692	289
691	289
691	292
690	292
688	293
688	294
686	294
686	296
684	297
684	298
683	300
683	301
683	302
680	302
679	305
679	306
676	306
676	308
676	309
675	309
675	310
674	310
674	312
674	313
672	314
672	316
672	317
672	318
672	320
671	321
