948	502
948	504
946	504
944	506
938	506
936	508
934	508
934	510
932	510
932	512
930	512
930	514
930	516
930	518
930	520
930	522
930	524
930	526
930	528
930	530
930	532
930	534
930	536
930	538
930	540
930	542
930	544
930	546
932	546
932	548
934	550
936	552
938	552
938	554
940	554
940	556
942	556
942	558
944	558
944	560
946	560
948	560
948	562
952	562
954	562
956	564
958	564
958	566
962	566
964	566
964	568
966	568
968	570
970	570
972	572
974	572
974	574
972	574
970	574
968	574
966	574
964	574
962	574
960	574
958	574
956	572
954	572
952	572
952	570
950	570
948	568
946	568
946	566
942	566
940	564
938	564
936	564
934	564
930	564
928	564
926	562
924	562
922	562
920	562
918	560
916	560
914	560
912	560
910	560
906	560
902	560
900	560
896	556
894	556
892	556
890	556
888	556
886	556
884	556
882	556
880	556
880	558
878	558
878	560
876	560
874	560
874	564
872	564
872	566
870	566
868	568
866	568
866	570
864	570
862	570
860	572
858	572
858	574
856	574
856	576
856	578
854	578
854	580
854	582
854	584
854	586
854	588
854	590
854	592
854	594
854	596
854	598
854	600
854	602
854	604
854	606
854	608
856	608
856	610
856	612
856	614
858	614
858	616
858	618
862	618
862	620
862	622
862	628
862	630
862	632
862	634
862	636
860	636
860	638
858	638
858	640
854	640
854	642
852	642
852	644
852	646
852	648
852	650
852	652
852	654
850	654
850	656
850	658
848	658
848	660
846	660
846	662
846	664
844	664
844	666
842	666
842	668
838	668
836	668
836	670
834	670
834	674
834	676
832	676
832	678
830	680
828	682
826	684
824	684
824	688
824	690
820	690
818	690
816	692
816	694
816	696
816	698
814	698
814	702
814	704
814	706
814	708
814	710
812	714
812	716
812	718
814	718
816	718
818	718
820	714
822	714
824	714
826	714
826	712
828	712
832	712
832	714
832	716
832	718
832	720
832	722
834	722
834	724
834	726
834	728
834	730
834	732
834	734
836	734
836	736
838	738
840	738
840	742
842	742
844	742
844	744
846	744
846	746
850	746
852	748
852	750
852	752
850	752
848	752
846	752
844	752
842	752
840	752
838	752
838	748
836	748
836	746
834	746
834	742
832	740
830	738
828	738
828	736
826	736
826	734
824	734
824	732
822	732
820	732
820	728
818	728
816	728
814	728
812	728
810	728
808	728
806	728
804	728
802	728
800	728
798	730
796	730
794	730
792	730
790	730
788	730
786	730
784	730
782	730
780	730
778	730
776	730
774	728
772	728
770	728
768	728
766	728
766	726
764	726
762	726
760	726
758	726
758	724
756	724
754	724
752	724
752	722
750	722
748	722
746	722
746	720
744	720
742	718
740	716
738	716
736	716
734	716
734	718
732	718
732	720
732	722
730	722
730	724
728	724
728	726
728	728
728	730
728	732
728	734
724	734
722	734
720	734
718	734
716	734
714	734
714	732
712	730
712	728
710	728
708	726
706	726
704	726
700	726
698	726
696	726
694	726
692	728
690	728
688	728
686	728
684	728
682	728
680	728
678	728
676	728
674	728
670	728
668	728
664	728
662	728
660	728
658	728
654	728
650	728
648	728
646	728
644	728
642	726
642	724
642	722
642	720
642	718
644	718
644	716
648	716
650	716
652	714
654	714
656	714
658	714
660	714
662	714
664	714
664	710
664	708
664	706
662	704
660	704
660	702
658	702
656	702
654	702
654	700
652	700
652	698
648	698
648	696
646	696
646	694
644	694
644	690
644	688
644	686
642	686
642	684
640	682
638	682
638	680
636	680
636	676
634	676
634	674
634	672
632	670
632	668
632	666
632	664
632	662
632	660
632	658
632	656
632	654
632	652
632	650
632	648
634	648
634	644
636	642
638	642
642	638
644	636
646	634
646	632
648	632
648	630
648	628
650	626
650	624
650	622
650	620
650	618
652	618
652	616
652	614
652	612
652	610
650	610
648	608
646	608
644	608
642	608
640	608
640	606
638	606
638	604
638	602
638	600
638	598
638	596
636	596
634	594
632	594
630	594
628	594
624	594
622	594
620	594
618	594
616	594
614	594
612	594
610	594
606	594
604	594
602	594
600	594
600	592
600	590
596	586
596	584
594	580
594	576
592	574
592	570
588	568
588	566
588	562
586	562
586	560
584	560
584	556
584	554
584	552
582	552
580	550
580	548
578	546
578	544
576	544
572	544
572	542
570	538
568	538
568	536
566	534
566	532
562	532
562	530
560	530
558	530
558	528
556	528
554	526
550	526
550	524
550	520
550	518
548	518
548	514
548	512
548	510
546	510
546	508
546	506
546	504
546	502
546	500
542	500
542	498
542	496
540	496
540	494
538	494
538	492
536	492
536	488
536	486
534	484
532	486
532	488
532	490
532	492
532	494
530	494
530	496
528	496
528	498
526	498
524	498
522	496
520	496
520	494
518	494
518	492
518	490
518	488
518	486
518	484
518	482
518	480
516	478
516	476
514	476
512	476
512	472
512	470
510	470
510	468
510	466
510	464
510	460
510	458
512	458
516	458
518	460
522	462
526	464
528	466
530	466
530	470
532	470
534	472
536	472
538	472
538	476
540	476
544	476
546	478
548	478
550	478
552	478
554	478
556	478
558	478
562	478
564	478
566	478
568	478
570	478
570	476
572	476
574	476
574	474
574	472
574	470
574	468
574	464
574	462
574	458
574	456
574	454
574	452
574	450
574	448
574	446
574	444
574	442
574	440
574	438
574	436
574	434
574	432
574	430
574	428
572	428
570	428
570	426
568	426
566	426
564	426
562	426
560	426
560	424
562	424
564	424
564	422
568	422
570	422
572	422
574	422
576	422
578	420
582	420
586	420
590	420
594	420
596	420
598	418
602	418
606	418
608	418
610	418
612	418
614	418
616	416
618	416
620	416
622	416
626	412
628	412
630	412
632	412
634	412
636	412
638	412
640	412
642	412
644	412
646	412
648	412
650	412
652	412
654	412
656	412
658	412
660	412
662	412
666	412
668	412
670	412
672	412
674	412
678	412
680	412
682	412
684	412
686	412
688	410
690	410
692	410
694	410
696	410
700	410
704	410
708	410
710	410
714	410
718	410
722	410
726	410
728	410
734	408
740	408
744	408
746	408
750	408
756	408
758	408
760	408
762	408
764	408
766	408
768	410
770	410
772	410
772	412
774	412
774	414
776	414
778	416
780	416
780	418
782	418
784	420
786	420
788	422
790	422
790	424
792	424
792	426
794	426
796	426
798	428
800	428
800	430
802	430
804	430
804	432
806	432
808	434
810	434
812	434
814	434
816	436
818	436
818	440
820	440
822	440
826	440
828	440
828	444
830	444
830	446
832	446
832	448
834	448
834	450
836	450
838	452
842	452
844	454
846	454
848	456
850	456
852	458
854	458
858	458
858	460
862	460
862	462
866	462
866	464
868	464
870	464
872	466
874	466
874	468
876	468
878	468
878	472
880	472
882	472
884	474
886	474
886	476
890	476
890	478
894	478
896	478
898	478
900	478
902	478
904	480
906	480
908	482
912	482
912	484
914	484
916	486
918	486
918	488
920	488
922	490
924	490
924	494
926	494
928	494
928	496
930	496
932	496
932	500
934	500
936	500
936	502
938	502
940	502
940	504
942	504
944	504
