618	378
615	378
612	378
609	381
606	381
606	387
603	387
600	390
597	390
597	396
594	396
591	399
588	402
585	402
585	408
582	408
582	411
579	411
576	411
576	414
573	414
573	417
570	417
570	420
567	423
564	423
558	423
555	423
552	423
549	423
546	423
540	423
534	423
531	423
528	423
525	423
522	423
522	420
519	420
516	420
513	420
513	417
510	417
510	414
507	414
507	411
504	408
501	408
501	402
501	399
498	399
498	396
498	393
495	393
495	387
495	384
489	384
486	384
483	384
480	381
477	381
471	381
468	381
462	381
459	381
456	381
453	381
453	387
453	390
453	393
453	396
453	399
453	402
453	405
453	408
453	411
453	414
456	414
459	417
465	417
468	420
474	420
474	423
480	429
483	429
486	432
486	435
489	438
489	441
492	441
495	444
495	447
498	447
498	450
501	450
501	456
504	456
507	459
510	459
510	465
513	465
516	465
516	468
516	471
516	474
516	477
516	480
510	480
510	483
507	483
507	486
507	489
507	492
501	492
501	495
501	498
498	504
495	504
495	507
492	510
489	513
489	516
483	516
483	519
483	522
483	525
480	525
480	528
477	528
477	531
477	534
474	537
474	540
474	543
474	546
471	549
471	552
471	555
471	558
471	564
468	564
468	567
468	570
468	573
465	573
465	576
465	579
462	582
459	582
453	582
450	579
444	579
441	579
441	576
438	576
435	576
435	579
435	582
435	585
435	588
435	591
435	594
435	597
435	600
432	603
432	606
432	609
432	612
432	615
432	618
435	621
438	621
444	621
450	624
456	624
456	627
459	627
459	630
459	633
459	636
459	639
462	642
465	645
468	645
471	648
471	651
471	654
471	657
471	660
471	663
471	666
471	669
474	669
474	672
477	672
480	675
483	678
489	684
489	687
492	687
492	690
492	693
498	693
498	699
498	702
504	708
507	711
507	714
510	714
510	720
510	723
513	723
513	726
513	729
516	729
516	735
522	735
525	735
525	741
525	744
525	747
525	750
525	753
528	753
528	759
528	762
534	762
534	765
537	765
540	765
543	765
546	765
546	771
549	771
552	771
555	771
558	774
561	774
564	774
567	774
570	774
570	780
573	780
576	780
579	780
582	780
585	780
591	780
594	780
597	780
600	780
603	783
603	786
603	789
606	789
606	792
606	795
609	795
609	798
612	798
615	798
618	798
621	798
621	795
624	795
630	795
636	795
639	795
642	795
645	795
648	795
648	789
654	789
657	789
660	789
663	786
666	786
669	786
669	783
675	783
675	780
678	780
681	780
684	780
684	777
687	777
690	777
693	780
696	780
699	780
702	780
702	777
705	777
705	774
705	771
705	768
708	768
711	765
717	765
717	762
720	762
723	762
723	759
729	759
732	759
732	756
735	756
738	756
741	756
741	753
747	753
750	753
750	750
753	750
756	750
759	747
762	747
762	744
765	744
765	741
768	741
768	738
771	735
774	732
777	729
780	729
783	729
783	732
786	738
792	738
792	741
795	741
795	744
798	744
798	747
801	747
801	750
804	750
804	753
810	753
810	756
810	759
807	762
807	765
804	768
801	771
801	774
801	777
801	780
801	783
804	786
804	789
807	789
807	795
810	795
810	798
810	801
810	804
810	807
810	810
810	813
810	816
810	819
810	822
813	822
813	825
813	828
813	831
813	834
813	837
813	840
810	840
810	843
807	843
807	846
804	846
804	849
804	852
804	855
804	858
804	861
804	864
807	864
807	867
807	870
807	873
810	873
813	873
816	873
819	873
822	873
825	873
828	873
831	873
834	873
837	873
840	873
840	870
846	870
846	867
849	867
849	864
849	861
849	858
849	855
849	852
849	849
849	846
846	846
846	840
843	840
843	837
840	837
840	834
840	831
840	828
846	828
849	825
852	825
852	822
855	822
858	822
861	822
867	822
870	825
873	825
876	825
876	822
879	822
879	816
882	813
885	813
888	813
888	810
894	807
894	804
897	804
897	801
903	801
903	798
909	798
909	795
909	792
906	792
906	786
903	786
903	783
900	780
900	777
897	777
897	774
891	774
891	771
888	771
888	768
882	768
879	768
879	765
876	765
873	765
870	765
867	765
864	765
861	765
858	765
855	765
852	765
852	759
852	756
852	753
852	750
852	747
852	744
855	744
858	741
861	738
861	735
861	732
864	732
864	726
864	723
864	720
864	717
864	714
864	708
864	705
861	699
861	696
861	690
855	684
855	681
858	678
861	678
864	678
864	675
867	675
870	675
873	675
876	675
879	675
879	678
882	678
882	684
882	687
885	693
885	696
888	696
894	702
894	705
897	705
903	708
906	708
909	711
909	714
912	714
912	720
915	720
918	720
918	723
921	723
921	726
924	726
927	726
930	726
930	723
933	723
936	720
936	717
939	717
939	714
945	711
945	708
945	705
948	702
948	699
948	696
945	693
942	693
939	693
933	693
930	690
927	690
924	690
924	687
921	687
921	681
921	678
921	675
921	672
921	666
921	663
921	660
921	657
921	654
921	651
921	648
921	645
921	642
915	642
915	639
918	639
921	636
924	633
927	630
933	630
933	627
936	624
939	624
942	624
945	624
948	624
951	627
954	627
957	633
963	633
966	633
969	636
972	636
972	642
975	642
981	642
984	642
990	642
996	636
999	636
999	633
999	630
999	627
1002	627
1002	621
1002	618
1002	612
1002	609
999	606
996	606
996	600
996	597
996	594
996	591
996	588
993	585
993	582
993	579
993	576
993	573
990	570
990	567
990	564
990	561
990	558
990	555
990	552
990	546
990	540
990	537
993	537
993	534
999	534
1002	534
1005	534
1008	534
1014	534
1017	534
1023	534
1026	534
1029	534
1029	531
1029	528
1032	525
1032	522
1032	519
1032	516
1032	513
1032	510
1032	507
1032	504
1032	501
1032	498
1032	495
1032	492
1032	489
1032	486
1029	483
1026	480
1026	477
1023	471
1020	468
1020	462
1014	459
1014	453
1011	450
1011	447
1008	447
1008	444
1008	441
1008	438
1011	438
1017	438
1020	438
1026	438
1029	435
1032	435
1032	432
1032	429
1032	426
1032	423
1038	423
1038	420
1038	417
1038	408
1035	405
1029	405
1029	402
1029	399
1026	399
1026	396
1023	396
1023	393
1023	390
1023	384
1020	384
1020	378
1020	375
1020	372
1020	369
1020	366
1017	366
1017	363
1014	363
1011	363
1011	357
1008	357
1002	357
999	354
996	354
996	351
996	348
993	348
993	345
993	342
993	339
993	336
993	333
993	330
996	327
996	324
999	324
999	321
1002	321
1002	318
1005	318
1005	315
1008	315
1011	315
1011	312
1014	309
1017	309
1020	309
1023	309
1023	312
1026	312
1026	315
1029	315
1032	315
1032	318
1035	318
1038	318
1041	318
1044	318
1047	318
1050	318
1053	318
1053	321
1056	321
1059	321
1062	321
1062	318
1068	318
1068	315
1068	309
1068	306
1068	303
1071	303
1071	300
1074	300
1074	297
1074	294
1074	291
1074	288
1071	288
1071	285
1068	285
1068	279
1068	276
1065	276
1062	276
1062	270
1059	267
1056	267
1056	264
1053	264
1050	264
1047	264
1044	264
1041	264
1038	264
1038	261
1035	261
1032	261
1029	261
1026	261
1026	258
1023	258
1023	255
1023	252
1023	249
1023	246
1020	240
1020	237
1017	231
1017	228
1017	225
1014	225
1011	225
1008	225
1005	222
999	222
999	219
993	219
990	219
990	216
984	216
981	216
978	216
978	219
975	219
975	222
975	225
975	228
972	228
972	231
972	237
972	240
972	246
972	249
972	252
972	255
975	255
978	255
978	258
981	258
981	264
981	267
981	270
981	273
981	276
978	276
978	279
975	279
972	282
969	282
966	282
963	282
960	282
957	282
954	282
951	282
948	282
945	279
945	276
945	273
942	273
942	270
939	270
939	267
936	264
933	264
933	258
930	258
930	255
924	255
921	255
918	252
915	252
912	249
906	249
906	246
903	246
903	243
900	243
900	240
897	237
891	234
891	231
891	228
888	225
885	222
882	216
879	213
879	207
876	204
876	198
876	195
873	195
873	192
870	192
870	189
870	183
867	180
864	177
864	174
858	174
855	174
852	171
849	168
849	162
846	162
843	159
840	159
840	156
837	156
834	156
834	153
828	153
828	159
831	168
834	174
837	180
837	183
843	186
843	192
843	195
846	198
846	201
846	204
846	207
843	207
840	207
837	207
834	207
831	207
828	207
825	207
822	207
819	207
819	204
816	204
816	201
813	201
810	198
807	198
807	192
801	189
798	189
792	189
789	186
786	186
786	183
783	183
783	180
783	177
783	174
780	171
777	168
777	165
774	165
771	162
771	159
771	156
771	153
768	153
768	150
768	147
765	147
765	141
762	141
759	141
759	135
756	135
756	132
753	132
750	132
747	132
744	132
741	129
735	129
729	129
726	129
723	129
720	129
720	132
720	135
720	138
720	141
720	144
720	147
720	150
723	150
723	156
729	156
732	156
738	162
741	165
744	165
744	171
747	171
747	174
750	177
753	177
753	180
753	183
756	183
756	186
756	189
756	192
756	195
756	198
756	201
756	204
756	207
756	210
756	213
756	216
753	216
750	216
747	216
738	216
735	213
735	207
735	204
729	204
729	201
729	198
726	195
726	192
726	189
723	189
720	186
717	186
714	186
711	183
708	183
705	183
702	183
699	183
699	186
696	186
696	192
696	195
696	198
696	201
693	204
693	207
693	210
693	213
693	216
693	219
693	225
696	228
699	231
699	234
702	237
702	240
705	246
711	246
714	249
720	249
720	252
726	252
726	255
729	255
732	255
732	258
735	258
741	258
744	261
747	261
753	264
756	264
762	264
762	267
765	267
765	270
768	270
768	273
768	276
771	276
771	279
777	279
780	279
783	282
786	285
786	288
792	288
792	291
792	297
798	297
798	300
801	300
804	300
804	303
804	306
804	309
804	312
804	318
801	318
801	321
798	321
798	324
795	324
792	327
786	327
783	327
780	327
777	327
771	327
768	327
768	324
765	321
765	318
762	318
762	315
762	312
756	312
756	309
753	309
747	306
741	306
738	303
735	303
735	300
729	300
726	297
723	297
720	294
720	291
717	291
717	288
714	288
714	282
711	279
711	276
705	276
702	273
702	270
699	270
693	270
693	267
690	267
690	264
687	264
687	258
687	255
687	252
684	252
684	249
684	246
684	243
684	240
684	237
681	234
681	231
681	228
681	225
681	222
678	222
678	219
678	216
678	213
678	210
675	207
675	204
675	198
672	198
672	195
669	195
666	195
663	195
663	189
660	189
657	189
654	189
651	189
648	189
648	186
642	186
636	186
630	186
627	186
624	186
621	186
618	186
615	186
612	186
612	189
612	192
612	195
612	198
612	201
615	201
618	204
621	204
624	204
627	204
630	204
630	210
633	213
636	213
636	216
636	219
639	225
642	228
645	231
645	234
648	237
648	240
648	243
651	243
654	246
654	249
660	255
663	255
663	258
669	258
669	261
672	261
672	264
675	264
675	267
675	270
675	273
678	273
678	276
684	276
684	279
684	282
687	285
690	288
690	291
690	294
696	294
696	297
696	300
696	303
696	306
696	309
696	312
699	312
699	315
699	318
699	321
699	324
699	327
699	330
699	333
696	333
696	336
696	339
693	339
693	342
690	342
687	342
687	345
684	345
681	345
675	345
672	345
669	345
669	351
666	351
660	351
660	354
657	351
657	348
657	345
651	339
651	333
648	330
645	327
645	324
642	324
642	321
642	318
642	315
642	312
639	312
639	309
639	306
639	303
639	300
633	294
633	288
630	285
630	282
630	279
630	276
630	273
630	270
627	270
627	264
624	264
624	261
618	261
615	261
612	258
609	258
606	258
603	258
597	252
591	252
588	252
585	252
582	252
579	252
576	252
573	252
570	249
567	249
564	249
561	249
558	249
552	249
549	249
546	249
543	252
543	255
543	258
543	261
543	264
546	264
546	267
549	270
552	270
552	273
555	276
555	279
561	279
564	282
567	285
570	285
570	288
573	288
573	291
576	294
579	297
579	300
582	300
582	303
588	306
588	309
591	309
591	312
594	315
594	318
600	318
603	321
603	324
603	327
603	330
603	333
603	336
603	339
606	339
606	342
606	345
606	348
606	351
606	354
612	354
612	357
612	360
615	360
615	363
615	366
615	369
615	372
615	375
615	378
615	381
