4.3000	1.3800
4.2867	1.3933
4.2867	1.4067
4.2867	1.4200
4.2867	1.4333
4.2867	1.4467
4.2867	1.4600
4.2867	1.4733
4.2867	1.4867
4.2867	1.5000
4.2867	1.5133
4.2867	1.5400
4.2867	1.5533
4.2867	1.5667
4.2867	1.5933
4.2867	1.6067
4.2867	1.6333
4.2867	1.6467
4.2867	1.6733
4.3000	1.6733
4.3000	1.7000
4.3000	1.7133
4.3133	1.7267
4.3133	1.7400
4.3133	1.7533
4.3267	1.7667
4.3267	1.7800
4.3267	1.7933
4.3267	1.8067
4.3267	1.8200
4.3267	1.8333
4.3267	1.8467
4.3400	1.8600
4.3400	1.8867
4.3400	1.9133
4.3400	1.9267
4.3667	1.9400
4.3667	1.9533
4.3667	1.9667
4.3667	1.9800
4.3667	1.9933
4.3667	2.0067
4.3667	2.0200
4.3667	2.0333
4.3667	2.0467
4.3667	2.0600
4.3667	2.0733
4.3667	2.0867
4.3533	2.0867
4.3533	2.1133
4.3533	2.1267
4.3400	2.1400
4.3400	2.1533
4.3267	2.1667
4.3267	2.1800
4.3267	2.2067
4.3133	2.2067
4.3133	2.2200
4.3000	2.2200
4.3000	2.2333
4.2867	2.2467
4.2867	2.2600
4.2867	2.2733
4.2600	2.2733
4.2600	2.2867
4.2600	2.3000
4.2467	2.3133
4.2467	2.3267
4.2333	2.3267
4.2333	2.3400
4.2333	2.3533
4.2200	2.3533
4.2200	2.3667
4.1933	2.3667
4.1933	2.3800
4.1933	2.3933
4.1667	2.4067
4.1533	2.4200
4.1400	2.4333
4.1133	2.4333
4.1133	2.4467
4.1000	2.4467
4.0867	2.4467
4.0733	2.4467
4.0600	2.4467
4.0467	2.4467
4.0333	2.4467
4.0067	2.4467
3.9933	2.4467
3.9933	2.4733
3.9800	2.4733
3.9800	2.4867
3.9800	2.5000
3.9800	2.5133
3.9667	2.5267
3.9667	2.5533
3.9667	2.5800
3.9667	2.5933
3.9400	2.6200
3.9400	2.6333
3.9267	2.6467
3.8867	2.6867
3.8733	2.7000
3.8733	2.7133
3.8600	2.7133
3.8600	2.7267
3.8600	2.7400
3.8467	2.7400
3.8467	2.7533
3.8200	2.7533
3.8200	2.7667
3.8200	2.7800
3.8200	2.7933
3.8200	2.8067
3.8200	2.8200
3.8200	2.8333
3.8200	2.8600
3.8200	2.8733
3.8200	2.9000
3.8200	2.9400
3.8200	2.9667
3.8200	2.9800
3.8333	3.0067
3.8333	3.0200
3.8333	3.0467
3.8333	3.0600
3.8333	3.1000
3.8333	3.1267
3.8333	3.1533
3.8333	3.1667
3.8333	3.2067
3.8600	3.2200
3.8600	3.2467
3.8600	3.2867
3.8600	3.3133
3.8600	3.3267
3.8600	3.3400
3.8600	3.3667
3.8600	3.3800
3.8600	3.3933
3.8600	3.4067
3.8600	3.4200
3.8600	3.4333
3.8600	3.4467
3.8600	3.4600
3.8600	3.4733
3.8600	3.5000
3.8600	3.5133
3.8600	3.5400
3.8600	3.5533
3.8600	3.5933
3.8733	3.6333
3.8867	3.6467
3.9000	3.6733
3.9133	3.6867
3.9267	3.7000
3.9400	3.7133
3.9533	3.7267
3.9533	3.7400
3.9533	3.7533
3.9533	3.7667
3.9667	3.7933
3.9667	3.8067
3.9667	3.8200
3.9667	3.8333
3.9667	3.8467
3.9667	3.8600
3.9800	3.8733
3.9800	3.8867
3.9800	3.9000
3.9933	3.9267
3.9933	3.9400
3.9933	3.9533
3.9933	3.9667
4.0067	3.9667
4.0067	3.9800
4.0067	3.9933
4.0067	4.0067
4.0067	4.0200
4.0067	4.0333
4.0067	4.0467
4.0067	4.0600
4.0200	4.0600
4.0200	4.0733
4.0200	4.0867
4.0333	4.0867
4.0467	4.1000
4.0467	4.1133
4.0467	4.1400
4.0600	4.1400
4.0600	4.1533
4.0867	4.1533
4.0867	4.1667
4.1000	4.1800
4.1133	4.1933
4.1267	4.2067
4.1267	4.2200
4.1267	4.2333
4.1533	4.2333
4.1533	4.2467
4.1533	4.2600
4.1667	4.2600
4.1667	4.2733
4.1667	4.2867
4.1667	4.3000
4.1667	4.3133
4.1933	4.3267
4.1933	4.3400
4.1933	4.3533
4.2067	4.3667
4.2067	4.3800
4.2067	4.4200
4.2333	4.4733
4.2467	4.5000
4.2467	4.5133
4.2733	4.5533
4.2867	4.5667
4.3000	4.5667
4.3000	4.5800
4.3133	4.5800
4.3267	4.5800
4.3400	4.6067
4.3533	4.6067
4.3667	4.6067
4.3800	4.6067
4.3933	4.6067
4.4067	4.6067
4.4200	4.6067
4.4200	4.6200
4.4333	4.6200
4.4467	4.6200
4.4600	4.6200
4.4733	4.6200
4.4867	4.6200
4.5000	4.6200
4.5133	4.6200
4.5267	4.6200
4.5400	4.6200
4.5533	4.6333
4.5667	4.6333
4.5800	4.6333
4.5933	4.6333
4.6067	4.6333
4.6200	4.6333
4.6333	4.6333
4.6467	4.6333
4.6600	4.6333
4.6733	4.6333
4.7000	4.6333
4.7133	4.6333
4.7267	4.6333
4.7400	4.6333
4.7533	4.6333
4.7667	4.6333
4.7667	4.6467
4.7933	4.6467
4.8067	4.6467
4.8333	4.6467
4.8600	4.6467
4.8733	4.6467
4.9000	4.6467
4.9133	4.6467
4.9400	4.6467
4.9533	4.6467
4.9933	4.6467
5.0067	4.6467
5.0333	4.6467
5.0467	4.6467
5.0600	4.6467
5.0733	4.6467
5.0867	4.6467
5.1000	4.6467
5.1133	4.6467
5.1267	4.6467
5.1400	4.6467
5.1533	4.6467
5.1667	4.6467
5.1800	4.6467
5.1933	4.6467
5.2067	4.6467
5.2200	4.6333
5.2333	4.6333
5.2467	4.6333
5.2600	4.6333
5.2867	4.6333
5.3000	4.6200
5.3267	4.6200
5.3400	4.6200
5.3533	4.6200
5.3533	4.6067
5.3667	4.6067
5.3800	4.5933
5.3800	4.5800
5.3800	4.5533
5.3933	4.5533
5.3933	4.5400
5.4067	4.5267
5.4067	4.5133
5.4200	4.5000
5.4200	4.4867
5.4333	4.4867
5.4333	4.4733
5.4467	4.4600
5.4467	4.4467
5.4467	4.4333
5.4467	4.4200
5.4600	4.4200
5.4733	4.4200
5.4733	4.3933
5.4867	4.3800
5.4867	4.3667
5.4867	4.3533
5.5000	4.3400
5.5000	4.3267
5.5000	4.3133
5.5000	4.3000
5.5000	4.2867
5.5000	4.2733
5.5000	4.2600
5.5133	4.2600
5.5133	4.2467
5.5133	4.2333
5.5267	4.2333
5.5267	4.2200
5.5400	4.2200
5.5400	4.2067
5.5533	4.2067
5.5533	4.1933
5.5667	4.1800
5.5667	4.1667
5.5667	4.1533
5.5933	4.1533
5.5933	4.1267
5.5933	4.1133
5.6067	4.1133
5.6067	4.0867
5.6200	4.0867
5.6200	4.0733
5.6333	4.0600
5.6333	4.0467
5.6333	4.0333
5.6333	4.0200
5.6333	3.9933
5.6200	3.9800
5.6067	3.9667
5.6067	3.9533
5.5933	3.9533
5.5933	3.9400
5.5667	3.9400
5.5667	3.9133
5.5533	3.9133
5.5533	3.9000
5.5533	3.8867
5.5533	3.8733
5.5400	3.8600
5.5400	3.8333
5.5267	3.8333
5.5267	3.8200
5.5267	3.8067
5.5133	3.8067
5.5133	3.7800
5.5133	3.7667
5.5133	3.7400
5.5133	3.7267
5.5133	3.7000
5.5133	3.6867
5.5133	3.6467
5.4867	3.6200
5.4867	3.6067
5.4867	3.5933
5.4867	3.5800
5.4867	3.5400
5.4867	3.5267
5.4867	3.5000
5.4867	3.4867
5.4867	3.4467
5.4867	3.4200
5.4867	3.4067
5.4867	3.3800
5.4867	3.3533
5.4867	3.3400
5.4867	3.3267
5.4867	3.3133
5.4867	3.3000
5.4867	3.2867
5.5133	3.2600
5.5133	3.2467
5.5133	3.2333
5.5133	3.2200
5.5133	3.2067
5.5133	3.1800
5.5133	3.1533
5.5133	3.1267
5.5400	3.1133
5.5400	3.0867
5.5400	3.0733
5.5400	3.0600
5.5400	3.0333
5.5400	3.0067
5.5400	2.9933
5.5400	2.9800
5.5533	2.9667
5.5533	2.9533
5.5533	2.9400
5.5533	2.9133
5.5533	2.8867
5.5533	2.8733
5.5533	2.8600
5.5533	2.8467
5.5533	2.8333
5.5533	2.8200
5.5667	2.8200
5.5800	2.8200
5.5933	2.7933
5.6067	2.7933
5.6067	2.7800
5.6333	2.7800
5.6467	2.7667
5.6600	2.7667
5.6733	2.7667
5.6733	2.7533
5.6867	2.7533
5.7000	2.7533
5.7267	2.7533
5.7400	2.7400
5.7667	2.7267
5.7933	2.7267
5.8333	2.7267
5.8467	2.7133
5.8733	2.7133
5.9000	2.7133
5.9133	2.7133
5.9400	2.7133
5.9533	2.7133
5.9800	2.7000
6.0067	2.7000
6.0467	2.7000
6.0600	2.7000
6.0600	2.6867
6.0733	2.6867
6.0867	2.6867
6.0867	2.6733
6.1000	2.6733
6.1133	2.6733
6.1267	2.6733
6.1400	2.6600
6.1400	2.6333
6.1533	2.6333
6.1667	2.6200
6.1800	2.6200
6.1800	2.5933
6.1933	2.5933
6.2200	2.5933
6.2333	2.5800
6.2467	2.5800
6.2467	2.5667
6.2600	2.5667
6.2733	2.5667
6.2733	2.5400
6.2867	2.5400
6.2867	2.5267
6.3000	2.5133
6.3000	2.5000
6.3133	2.4867
6.3267	2.4600
6.3400	2.4600
6.3400	2.4467
6.3533	2.4467
6.3533	2.4333
6.3667	2.4333
6.3667	2.4067
6.3800	2.4067
6.3800	2.3933
6.3933	2.3800
6.4067	2.3667
6.4333	2.3400
6.4333	2.3267
6.4467	2.3000
6.4733	2.2867
6.4867	2.2467
6.5133	2.2333
6.5133	2.2200
6.5400	2.2067
6.5400	2.1933
6.5400	2.1800
6.5533	2.1800
6.5533	2.1533
6.5667	2.1400
6.5667	2.1267
6.5800	2.1267
6.5933	2.1267
6.5933	2.1000
6.5933	2.0867
6.6067	2.0733
6.6333	2.0467
6.6467	2.0333
6.6733	2.0067
6.6867	1.9800
6.7133	1.9667
6.7133	1.9533
6.7267	1.9400
6.7400	1.9267
6.7533	1.9267
6.7667	1.9267
6.7800	1.9133
6.7933	1.9133
6.8067	1.9000
6.8200	1.9000
6.8333	1.8867
6.8467	1.8733
6.8733	1.8600
6.9000	1.8333
6.9267	1.8333
6.9533	1.8333
6.9667	1.8200
6.9667	1.7933
6.9933	1.7933
7.0200	1.7667
7.0333	1.7667
7.0333	1.7533
7.0600	1.7533
7.0733	1.7533
7.0867	1.7533
7.1000	1.7400
7.1267	1.7400
7.1400	1.7400
7.1533	1.7400
7.1667	1.7400
7.1667	1.7267
7.1800	1.7267
7.1933	1.7133
7.2067	1.7133
7.2200	1.7133
7.2200	1.7000
7.2467	1.7000
7.2600	1.7000
7.2600	1.6867
7.2733	1.6867
7.2867	1.6867
7.2867	1.6733
7.3133	1.6733
7.3133	1.6600
7.3267	1.6600
7.3533	1.6600
7.3533	1.6467
7.3533	1.6333
7.3533	1.6200
7.3667	1.6200
7.3667	1.6067
7.3667	1.5933
7.3667	1.5800
7.3533	1.5667
7.3267	1.5667
7.3000	1.5533
7.2600	1.5533
7.1933	1.5533
7.1533	1.5533
7.1400	1.5533
7.1267	1.5533
7.1000	1.5533
7.1000	1.5800
7.0867	1.5800
7.0733	1.5933
7.0600	1.5933
7.0467	1.6067
7.0333	1.6067
7.0200	1.6200
7.0067	1.6333
6.9933	1.6333
6.9667	1.6467
6.9533	1.6600
6.9400	1.6600
6.9267	1.6733
6.9133	1.6733
6.9133	1.6867
6.9000	1.6867
6.8733	1.6867
6.8467	1.7000
6.8200	1.7000
6.8067	1.7133
6.7800	1.7133
6.7667	1.7267
6.7533	1.7267
6.7267	1.7267
6.7000	1.7400
6.6733	1.7533
6.6333	1.7533
6.6067	1.7533
6.5933	1.7667
6.5800	1.7667
6.5667	1.7667
6.5400	1.7667
6.5267	1.7667
6.5133	1.7667
6.5000	1.7667
6.4733	1.7667
6.4600	1.7400
6.4333	1.7267
6.4200	1.7267
6.3933	1.7133
6.3667	1.7000
6.3667	1.6733
6.3400	1.6733
6.3267	1.6600
6.3267	1.6467
6.3267	1.6333
6.3267	1.6200
6.3267	1.6067
6.3267	1.5933
6.3267	1.5800
6.3267	1.5667
6.3267	1.5533
6.3267	1.5400
6.3533	1.5400
6.3533	1.5267
6.3667	1.5133
6.3667	1.5000
6.3933	1.5000
6.4067	1.4867
6.4067	1.4600
6.4200	1.4467
6.4467	1.4200
6.4467	1.3933
6.4600	1.3800
6.4867	1.3533
6.4867	1.3400
6.5133	1.3133
6.5267	1.2867
6.5400	1.2600
6.5533	1.2467
6.5933	1.2067
6.6067	1.1800
6.6067	1.1533
6.6333	1.1400
6.6333	1.1267
6.6333	1.1133
6.6333	1.1000
6.6333	1.0867
6.6200	1.1000
6.6067	1.1133
6.5800	1.1133
6.5533	1.1133
6.5400	1.1267
6.5267	1.1267
6.5133	1.1400
6.5000	1.1667
6.4733	1.1667
6.4600	1.1667
6.4333	1.1800
6.4200	1.1800
6.3933	1.1933
6.3533	1.2067
6.3400	1.2200
6.3133	1.2467
6.3000	1.2467
6.2733	1.2733
6.2600	1.2867
6.2467	1.3000
6.2333	1.3133
6.2200	1.3133
6.1933	1.3400
6.1800	1.3533
6.1533	1.3667
6.1267	1.3933
6.1133	1.4067
6.0867	1.4200
6.0867	1.4333
6.0733	1.4467
6.0467	1.4467
6.0333	1.4600
6.0333	1.4733
6.0200	1.4733
6.0067	1.4867
5.9933	1.4867
5.9800	1.4867
5.9667	1.4867
5.9533	1.4867
5.9400	1.4867
5.9267	1.4867
5.9133	1.4867
5.9000	1.4733
5.8867	1.4733
5.8600	1.4600
5.8600	1.4467
5.8600	1.4333
5.8333	1.4067
5.8200	1.3800
5.8200	1.3667
5.8200	1.3533
5.8067	1.3400
5.8067	1.3267
5.8067	1.3133
5.8067	1.3000
5.8067	1.2867
5.8067	1.2733
5.8200	1.2600
5.8200	1.2467
5.8333	1.2333
5.8333	1.2200
5.8600	1.2067
5.8600	1.1800
5.8733	1.1667
5.8867	1.1533
5.8867	1.1400
5.9000	1.1133
5.9267	1.1000
5.9267	1.0600
5.9533	1.0467
5.9667	1.0333
5.9667	1.0200
5.9800	1.0067
6.0067	0.9667
6.0333	0.9400
6.0600	0.9000
6.0733	0.8600
6.1133	0.8467
6.1400	0.8067
6.1800	0.7667
6.1933	0.7400
6.2067	0.7133
6.2067	0.7000
6.2067	0.6867
6.2200	0.6733
6.2200	0.6600
6.2200	0.6467
6.2200	0.6333
6.2200	0.6067
6.2200	0.5533
6.2200	0.5267
6.2200	0.4867
6.2200	0.4600
6.2200	0.4200
6.2200	0.3800
6.2200	0.3400
6.2200	0.3267
6.2200	0.3133
6.2200	0.3000
6.2200	0.2867
6.2200	0.2733
6.2200	0.2600
6.2200	0.2467
6.2200	0.2200
6.2067	0.2067
6.2067	0.1800
6.2067	0.1667
6.1933	0.1533
6.1933	0.1400
6.1800	0.1400
6.1800	0.1267
6.1667	0.1267
6.1533	0.1267
6.1400	0.1133
6.1267	0.1133
6.1133	0.1133
6.1000	0.1133
6.0867	0.1133
6.0733	0.1133
6.0733	0.1267
6.0600	0.1267
6.0600	0.1400
6.0600	0.1533
6.0467	0.1667
6.0467	0.1800
6.0200	0.2067
6.0200	0.2200
6.0200	0.2467
6.0067	0.2467
6.0067	0.2600
6.0067	0.2733
6.0067	0.2867
5.9800	0.3000
5.9800	0.3267
5.9800	0.3400
5.9800	0.3533
5.9800	0.3667
5.9667	0.4067
5.9667	0.4333
5.9533	0.4600
5.9400	0.4867
5.9400	0.5000
5.9267	0.5267
5.9267	0.5400
5.9267	0.5533
5.9267	0.5667
5.9133	0.5933
5.9133	0.6067
5.9000	0.6200
5.9000	0.6333
5.8867	0.6600
5.8733	0.6600
5.8733	0.6733
5.8467	0.7000
5.8467	0.7133
5.8333	0.7267
5.8067	0.7533
5.8067	0.7667
5.7800	0.7933
5.7800	0.8067
5.7533	0.8333
5.7400	0.8467
5.7400	0.8600
5.7133	0.8733
5.7133	0.9000
5.7000	0.9133
5.7000	0.9400
5.6867	0.9400
5.6867	0.9533
5.6600	0.9533
5.6600	0.9667
5.6467	0.9933
5.6200	1.0200
5.6200	1.0333
5.5933	1.0467
5.5800	1.0600
5.5800	1.0733
5.5800	1.1000
5.5667	1.1133
5.5533	1.1267
5.5533	1.1400
5.5400	1.1400
5.5400	1.1533
5.5267	1.1667
5.5133	1.1667
5.5000	1.1800
5.5000	1.1933
5.4867	1.2067
5.4733	1.2067
5.4600	1.2200
5.4467	1.2200
5.4333	1.2200
5.4200	1.2200
5.4200	1.2333
5.4067	1.2333
5.3933	1.2333
5.3800	1.2333
5.3533	1.2333
5.3400	1.2333
5.3133	1.2600
5.2867	1.2600
5.2733	1.2600
5.2467	1.2600
5.2333	1.2600
5.2067	1.2600
5.2067	1.2467
5.1933	1.2467
5.1933	1.2333
5.1933	1.2200
5.1667	1.2200
5.1667	1.1933
5.1533	1.1933
5.1533	1.1800
5.1533	1.1533
5.1400	1.1533
5.1400	1.1400
5.1267	1.1400
5.1267	1.1267
5.1133	1.1267
5.1133	1.1133
5.0867	1.1133
5.0733	1.1000
5.0600	1.1000
5.0467	1.1000
5.0467	1.0867
5.0333	1.0867
5.0200	1.0867
5.0067	1.0867
4.9933	1.0867
4.9800	1.1000
4.9667	1.1000
4.9533	1.1133
4.9400	1.1267
4.9133	1.1267
4.9133	1.1400
4.9133	1.1533
4.8867	1.1533
4.8733	1.1667
4.8600	1.1800
4.8467	1.1933
4.8467	1.2200
4.8333	1.2200
4.8200	1.2467
4.8067	1.2600
4.7800	1.2600
4.7533	1.2867
4.7400	1.3000
4.7267	1.3000
4.7267	1.3133
4.7000	1.3133
4.6733	1.3133
4.6467	1.3267
4.6067	1.3267
4.5800	1.3267
4.5667	1.3267
4.5533	1.3267
4.5400	1.3267
4.5267	1.3267
4.5133	1.3267
4.5000	1.3267
4.4867	1.3267
4.4733	1.3267
4.4600	1.3267
4.4467	1.3267
4.4333	1.3267
4.4200	1.3267
4.3933	1.3267
4.3800	1.3267
4.3667	1.3267
4.3400	1.3267
4.3267	1.3267
4.3133	1.3267
4.3000	1.3400
4.2867	1.3400
4.2867	1.3533
