259.0239	205.7858
259.0239	206.8096
259.0239	207.8334
258.0000	207.8334
256.9762	208.8572
255.9524	208.8572
252.8810	209.8810
252.8810	210.9048
251.8572	211.9286
250.8334	211.9286
249.8096	211.9286
248.7858	212.9524
247.7620	212.9524
246.7381	212.9524
244.6905	213.9762
243.6667	213.9762
239.5715	213.9762
236.5000	213.9762
235.4762	213.9762
232.4048	216.0239
230.3572	216.0239
229.3334	216.0239
227.2858	216.0239
226.2619	216.0239
225.2381	216.0239
223.1905	216.0239
222.1667	216.0239
220.1191	217.0477
218.0715	217.0477
216.0239	218.0715
211.9286	220.1191
207.8334	220.1191
205.7858	222.1667
202.7143	223.1905
201.6905	224.2143
199.6429	225.2381
197.5953	226.2619
196.5715	226.2619
196.5715	228.3096
195.5477	228.3096
194.5238	228.3096
193.5000	228.3096
192.4762	228.3096
191.4524	228.3096
190.4286	228.3096
189.4048	228.3096
188.3810	228.3096
186.3334	228.3096
185.3096	228.3096
184.2857	228.3096
183.2619	228.3096
182.2381	228.3096
181.2143	228.3096
179.1667	228.3096
178.1429	228.3096
176.0953	228.3096
175.0715	228.3096
173.0238	228.3096
172.0000	228.3096
170.9762	229.3334
168.9286	229.3334
167.9048	229.3334
165.8572	229.3334
164.8334	229.3334
162.7857	230.3572
161.7619	230.3572
160.7381	230.3572
158.6905	230.3572
158.6905	231.3810
158.6905	232.4048
158.6905	233.4286
158.6905	234.4524
158.6905	235.4762
158.6905	236.5000
158.6905	237.5239
158.6905	238.5477
158.6905	239.5715
158.6905	240.5953
158.6905	241.6191
159.7143	241.6191
159.7143	242.6429
159.7143	243.6667
160.7381	244.6905
160.7381	245.7143
161.7619	246.7381
161.7619	247.7620
161.7619	248.7858
162.7857	249.8096
162.7857	250.8334
162.7857	251.8572
164.8334	251.8572
164.8334	252.8810
165.8572	253.9048
165.8572	254.9286
165.8572	255.9524
166.8810	255.9524
166.8810	256.9762
167.9048	256.9762
167.9048	258.0000
169.9524	258.0000
169.9524	259.0239
170.9762	259.0239
172.0000	259.0239
173.0238	259.0239
174.0477	259.0239
174.0477	261.0715
175.0715	261.0715
176.0953	261.0715
177.1191	261.0715
178.1429	261.0715
179.1667	262.0953
181.2143	262.0953
182.2381	263.1191
184.2857	263.1191
185.3096	263.1191
186.3334	263.1191
187.3572	264.1429
188.3810	264.1429
189.4048	264.1429
190.4286	264.1429
191.4524	264.1429
192.4762	264.1429
193.5000	264.1429
194.5238	264.1429
195.5477	264.1429
198.6191	264.1429
200.6667	263.1191
202.7143	263.1191
203.7381	262.0953
205.7858	262.0953
206.8096	262.0953
207.8334	262.0953
208.8572	262.0953
209.8810	262.0953
209.8810	261.0715
211.9286	261.0715
213.9762	261.0715
215.0000	261.0715
218.0715	261.0715
220.1191	261.0715
221.1429	261.0715
222.1667	261.0715
223.1905	261.0715
224.2143	261.0715
224.2143	259.0239
225.2381	259.0239
227.2858	259.0239
229.3334	259.0239
232.4048	259.0239
234.4524	259.0239
236.5000	259.0239
237.5239	258.0000
239.5715	258.0000
240.5953	258.0000
241.6191	258.0000
242.6429	258.0000
243.6667	258.0000
244.6905	255.9524
246.7381	255.9524
247.7620	255.9524
248.7858	254.9286
249.8096	254.9286
250.8334	252.8810
252.8810	252.8810
253.9048	250.8334
256.9762	249.8096
258.0000	248.7858
260.0477	247.7620
261.0715	246.7381
262.0953	246.7381
263.1191	244.6905
264.1429	244.6905
265.1667	243.6667
268.2381	243.6667
270.2858	243.6667
271.3096	242.6429
273.3572	242.6429
275.4048	242.6429
276.4286	242.6429
276.4286	243.6667
276.4286	245.7143
276.4286	246.7381
276.4286	247.7620
276.4286	248.7858
276.4286	249.8096
276.4286	251.8572
276.4286	252.8810
276.4286	253.9048
276.4286	255.9524
276.4286	256.9762
275.4048	259.0239
275.4048	261.0715
274.3810	262.0953
274.3810	264.1429
274.3810	265.1667
274.3810	267.2143
273.3572	269.2620
273.3572	270.2858
273.3572	271.3096
272.3334	272.3334
272.3334	273.3572
272.3334	274.3810
271.3096	275.4048
271.3096	276.4286
270.2858	277.4524
270.2858	279.5001
270.2858	280.5239
269.2620	281.5477
267.2143	281.5477
267.2143	283.5953
265.1667	284.6191
265.1667	285.6429
263.1191	287.6905
262.0953	287.6905
261.0715	289.7382
260.0477	290.7620
259.0239	292.8096
258.0000	293.8334
256.9762	294.8572
256.9762	296.9048
255.9524	297.9286
255.9524	299.9762
254.9286	301.0001
252.8810	302.0239
252.8810	303.0477
252.8810	305.0953
251.8572	305.0953
251.8572	306.1191
249.8096	306.1191
249.8096	307.1429
247.7620	307.1429
246.7381	308.1667
246.7381	309.1905
244.6905	311.2382
243.6667	312.2620
242.6429	313.2858
241.6191	314.3096
240.5953	314.3096
239.5715	314.3096
238.5477	315.3334
237.5239	315.3334
236.5000	316.3572
235.4762	316.3572
234.4524	317.3810
233.4286	318.4048
232.4048	318.4048
231.3810	320.4524
230.3572	321.4763
229.3334	322.5001
227.2858	322.5001
227.2858	323.5239
227.2858	324.5477
227.2858	325.5715
227.2858	326.5953
227.2858	327.6191
227.2858	328.6429
227.2858	329.6667
227.2858	330.6905
227.2858	332.7382
227.2858	333.7620
227.2858	334.7858
227.2858	336.8334
229.3334	339.9048
230.3572	340.9286
231.3810	344.0001
232.4048	346.0477
233.4286	347.0715
234.4524	348.0953
236.5000	350.1429
236.5000	351.1667
237.5239	351.1667
237.5239	352.1905
238.5477	352.1905
238.5477	354.2382
239.5715	354.2382
240.5953	355.2620
241.6191	355.2620
242.6429	355.2620
244.6905	356.2858
245.7143	356.2858
247.7620	357.3096
250.8334	357.3096
253.9048	357.3096
254.9286	357.3096
256.9762	358.3334
258.0000	358.3334
258.0000	360.3810
260.0477	361.4048
260.0477	362.4286
261.0715	363.4525
261.0715	364.4763
263.1191	366.5239
264.1429	366.5239
264.1429	368.5715
265.1667	369.5953
266.1905	369.5953
268.2381	371.6429
269.2620	371.6429
271.3096	373.6905
272.3334	373.6905
272.3334	374.7144
273.3572	374.7144
273.3572	375.7382
275.4048	375.7382
276.4286	375.7382
277.4524	376.7620
278.4762	376.7620
280.5239	376.7620
281.5477	376.7620
283.5953	377.7858
284.6191	377.7858
286.6667	377.7858
287.6905	377.7858
289.7382	377.7858
290.7620	377.7858
292.8096	377.7858
293.8334	377.7858
295.8810	376.7620
296.9048	375.7382
297.9286	374.7144
298.9524	374.7144
298.9524	372.6667
298.9524	371.6429
298.9524	370.6191
301.0001	368.5715
302.0239	366.5239
305.0953	364.4763
306.1191	363.4525
307.1429	360.3810
309.1905	360.3810
310.2143	360.3810
311.2382	360.3810
312.2620	360.3810
314.3096	360.3810
316.3572	360.3810
317.3810	362.4286
319.4286	364.4763
322.5001	366.5239
323.5239	368.5715
323.5239	370.6191
325.5715	372.6667
325.5715	374.7144
325.5715	376.7620
325.5715	377.7858
325.5715	378.8096
325.5715	379.8334
325.5715	380.8572
325.5715	381.8810
325.5715	382.9048
325.5715	384.9525
325.5715	388.0239
325.5715	390.0715
325.5715	394.1667
325.5715	399.2858
324.5477	402.3572
324.5477	405.4286
323.5239	407.4763
323.5239	408.5001
323.5239	410.5477
323.5239	412.5953
323.5239	413.6191
323.5239	414.6429
323.5239	415.6667
323.5239	416.6906
323.5239	417.7144
323.5239	418.7382
323.5239	419.7620
321.4763	420.7858
321.4763	421.8096
321.4763	422.8334
320.4524	423.8572
319.4286	425.9048
319.4286	426.9287
318.4048	426.9287
318.4048	427.9525
318.4048	428.9763
317.3810	428.9763
317.3810	430.0001
317.3810	431.0239
317.3810	432.0477
316.3572	432.0477
316.3572	433.0715
316.3572	434.0953
316.3572	435.1191
316.3572	436.1429
316.3572	437.1667
316.3572	438.1906
318.4048	438.1906
319.4286	439.2144
319.4286	440.2382
321.4763	442.2858
322.5001	442.2858
324.5477	444.3334
325.5715	445.3572
326.5953	445.3572
327.6191	447.4048
327.6191	448.4287
329.6667	449.4525
330.6905	451.5001
332.7382	451.5001
332.7382	452.5239
333.7620	452.5239
333.7620	454.5715
333.7620	455.5953
333.7620	456.6191
335.8096	456.6191
335.8096	457.6429
336.8334	457.6429
336.8334	458.6668
338.8810	458.6668
339.9048	458.6668
339.9048	460.7144
340.9286	460.7144
340.9286	462.7620
342.9763	463.7858
344.0001	463.7858
345.0239	463.7858
346.0477	463.7858
347.0715	464.8096
348.0953	464.8096
349.1191	465.8334
350.1429	465.8334
350.1429	466.8572
351.1667	467.8810
353.2144	469.9287
354.2382	469.9287
355.2620	469.9287
356.2858	470.9525
356.2858	469.9287
356.2858	467.8810
356.2858	466.8572
356.2858	464.8096
357.3096	463.7858
357.3096	461.7382
357.3096	460.7144
357.3096	458.6668
357.3096	456.6191
357.3096	455.5953
355.2620	453.5477
355.2620	452.5239
354.2382	452.5239
353.2144	450.4763
353.2144	449.4525
352.1905	448.4287
352.1905	446.3810
351.1667	445.3572
351.1667	444.3334
350.1429	443.3096
350.1429	442.2858
350.1429	441.2620
350.1429	440.2382
350.1429	439.2144
350.1429	438.1906
349.1191	437.1667
349.1191	436.1429
349.1191	434.0953
349.1191	433.0715
349.1191	432.0477
349.1191	430.0001
349.1191	428.9763
349.1191	426.9287
349.1191	425.9048
349.1191	423.8572
349.1191	422.8334
349.1191	419.7620
350.1429	417.7144
350.1429	415.6667
351.1667	413.6191
351.1667	411.5715
351.1667	408.5001
352.1905	406.4525
354.2382	403.3810
354.2382	401.3334
355.2620	398.2620
356.2858	397.2382
357.3096	394.1667
359.3572	392.1191
360.3810	390.0715
362.4286	389.0477
363.4525	387.0001
364.4763	384.9525
366.5239	382.9048
367.5477	380.8572
368.5715	378.8096
368.5715	376.7620
368.5715	375.7382
368.5715	374.7144
368.5715	373.6905
369.5953	373.6905
369.5953	372.6667
369.5953	371.6429
370.6191	370.6191
370.6191	368.5715
371.6429	367.5477
372.6667	365.5001
373.6905	363.4525
375.7382	362.4286
375.7382	360.3810
377.7858	359.3572
377.7858	358.3334
378.8096	358.3334
378.8096	357.3096
378.8096	356.2858
380.8572	356.2858
380.8572	357.3096
380.8572	359.3572
380.8572	362.4286
380.8572	363.4525
380.8572	365.5001
380.8572	367.5477
380.8572	368.5715
380.8572	370.6191
380.8572	372.6667
380.8572	375.7382
380.8572	377.7858
380.8572	380.8572
380.8572	383.9286
380.8572	385.9763
380.8572	388.0239
380.8572	389.0477
379.8334	392.1191
379.8334	393.1429
379.8334	395.1906
379.8334	397.2382
379.8334	399.2858
379.8334	400.3096
379.8334	402.3572
379.8334	403.3810
379.8334	405.4286
379.8334	406.4525
379.8334	409.5239
379.8334	412.5953
379.8334	413.6191
379.8334	416.6906
380.8572	417.7144
380.8572	419.7620
381.8810	421.8096
381.8810	423.8572
382.9048	425.9048
382.9048	426.9287
382.9048	427.9525
382.9048	430.0001
384.9525	432.0477
384.9525	433.0715
384.9525	434.0953
385.9763	436.1429
385.9763	438.1906
387.0001	439.2144
388.0239	439.2144
388.0239	441.2620
389.0477	441.2620
390.0715	443.3096
392.1191	444.3334
393.1429	445.3572
393.1429	446.3810
394.1667	446.3810
394.1667	445.3572
395.1906	444.3334
397.2382	442.2858
397.2382	441.2620
399.2858	439.2144
400.3096	439.2144
401.3334	437.1667
403.3810	435.1191
403.3810	434.0953
403.3810	433.0715
404.4048	432.0477
404.4048	431.0239
406.4525	431.0239
406.4525	430.0001
407.4763	430.0001
407.4763	428.9763
409.5239	426.9287
409.5239	425.9048
410.5477	425.9048
410.5477	423.8572
412.5953	423.8572
412.5953	421.8096
412.5953	420.7858
414.6429	418.7382
414.6429	417.7144
414.6429	416.6906
415.6667	415.6667
415.6667	414.6429
415.6667	412.5953
417.7144	411.5715
417.7144	409.5239
417.7144	408.5001
418.7382	406.4525
419.7620	405.4286
419.7620	403.3810
421.8096	402.3572
421.8096	401.3334
422.8334	400.3096
422.8334	399.2858
422.8334	398.2620
422.8334	397.2382
422.8334	396.2144
422.8334	395.1906
422.8334	394.1667
422.8334	393.1429
422.8334	392.1191
422.8334	391.0953
422.8334	390.0715
422.8334	389.0477
422.8334	388.0239
422.8334	384.9525
422.8334	382.9048
423.8572	382.9048
423.8572	380.8572
423.8572	378.8096
423.8572	376.7620
423.8572	375.7382
423.8572	373.6905
424.8810	371.6429
424.8810	370.6191
424.8810	368.5715
424.8810	367.5477
424.8810	366.5239
424.8810	364.4763
424.8810	363.4525
424.8810	361.4048
424.8810	359.3572
424.8810	358.3334
424.8810	356.2858
424.8810	355.2620
424.8810	354.2382
424.8810	352.1905
424.8810	350.1429
424.8810	349.1191
424.8810	347.0715
424.8810	346.0477
424.8810	344.0001
424.8810	341.9524
424.8810	340.9286
424.8810	339.9048
424.8810	338.8810
426.9287	336.8334
426.9287	335.8096
427.9525	333.7620
427.9525	332.7382
428.9763	330.6905
428.9763	329.6667
428.9763	328.6429
428.9763	326.5953
428.9763	325.5715
428.9763	324.5477
428.9763	323.5239
428.9763	322.5001
428.9763	320.4524
428.9763	319.4286
428.9763	317.3810
428.9763	315.3334
428.9763	314.3096
428.9763	312.2620
428.9763	311.2382
428.9763	310.2143
428.9763	309.1905
428.9763	308.1667
428.9763	306.1191
428.9763	305.0953
428.9763	303.0477
428.9763	302.0239
427.9525	301.0001
427.9525	299.9762
427.9525	298.9524
427.9525	297.9286
427.9525	295.8810
427.9525	293.8334
427.9525	291.7858
427.9525	289.7382
427.9525	288.7143
427.9525	286.6667
427.9525	284.6191
427.9525	282.5715
427.9525	281.5477
427.9525	280.5239
428.9763	280.5239
428.9763	278.4762
428.9763	277.4524
430.0001	276.4286
431.0239	275.4048
432.0477	274.3810
433.0715	272.3334
436.1429	271.3096
437.1667	271.3096
439.2144	269.2620
440.2382	269.2620
440.2382	268.2381
442.2858	266.1905
443.3096	265.1667
443.3096	263.1191
443.3096	261.0715
444.3334	259.0239
444.3334	256.9762
444.3334	254.9286
445.3572	254.9286
445.3572	253.9048
445.3572	252.8810
446.3810	252.8810
446.3810	250.8334
448.4287	250.8334
449.4525	249.8096
451.5001	247.7620
453.5477	247.7620
456.6191	247.7620
459.6906	247.7620
460.7144	247.7620
462.7620	247.7620
463.7858	247.7620
464.8096	247.7620
466.8572	247.7620
467.8810	247.7620
469.9287	247.7620
471.9763	247.7620
473.0001	247.7620
474.0239	248.7858
475.0477	248.7858
476.0715	248.7858
477.0953	249.8096
477.0953	248.7858
477.0953	247.7620
477.0953	246.7381
477.0953	245.7143
477.0953	244.6905
477.0953	242.6429
477.0953	241.6191
477.0953	239.5715
477.0953	238.5477
477.0953	236.5000
476.0715	236.5000
476.0715	234.4524
475.0477	233.4286
474.0239	231.3810
473.0001	230.3572
470.9525	228.3096
470.9525	227.2858
469.9287	225.2381
469.9287	224.2143
467.8810	221.1429
467.8810	219.0953
466.8572	216.0239
466.8572	213.9762
464.8096	212.9524
464.8096	210.9048
464.8096	209.8810
463.7858	207.8334
463.7858	206.8096
461.7382	206.8096
461.7382	205.7858
461.7382	204.7619
461.7382	203.7381
461.7382	201.6905
460.7144	200.6667
458.6668	199.6429
458.6668	197.5953
456.6191	196.5715
456.6191	194.5238
455.5953	194.5238
454.5715	194.5238
454.5715	193.5000
452.5239	193.5000
451.5001	192.4762
449.4525	190.4286
448.4287	189.4048
448.4287	188.3810
447.4048	187.3572
447.4048	186.3334
447.4048	185.3096
448.4287	185.3096
448.4287	184.2857
449.4525	184.2857
449.4525	182.2381
449.4525	181.2143
451.5001	181.2143
451.5001	180.1905
452.5239	179.1667
452.5239	178.1429
452.5239	177.1191
452.5239	176.0953
452.5239	175.0715
453.5477	174.0477
453.5477	173.0238
453.5477	172.0000
455.5953	172.0000
455.5953	170.9762
456.6191	169.9524
457.6429	168.9286
457.6429	166.8810
457.6429	165.8572
459.6906	165.8572
460.7144	163.8096
460.7144	161.7619
462.7620	160.7381
463.7858	158.6905
463.7858	157.6667
464.8096	156.6429
467.8810	155.6191
469.9287	153.5715
470.9525	151.5238
473.0001	150.5000
474.0239	148.4524
475.0477	147.4286
477.0953	147.4286
477.0953	145.3810
477.0953	144.3572
478.1191	142.3096
479.1429	142.3096
479.1429	140.2619
479.1429	139.2381
480.1668	138.2143
481.1906	135.1429
483.2382	134.1191
483.2382	132.0715
484.2620	131.0476
486.3096	130.0238
487.3334	126.9524
487.3334	125.9286
489.3810	123.8810
489.3810	122.8572
489.3810	121.8334
489.3810	120.8095
490.4049	120.8095
490.4049	119.7857
490.4049	118.7619
491.4287	117.7381
491.4287	116.7143
493.4763	116.7143
493.4763	115.6905
493.4763	114.6667
493.4763	113.6429
495.5239	113.6429
495.5239	112.6191
496.5477	111.5953
496.5477	109.5476
496.5477	108.5238
496.5477	107.5000
496.5477	106.4762
496.5477	104.4286
496.5477	103.4048
496.5477	102.3810
496.5477	101.3572
496.5477	100.3334
496.5477	99.3095
496.5477	98.2857
496.5477	96.2381
496.5477	94.1905
496.5477	93.1667
496.5477	92.1429
496.5477	91.1191
496.5477	90.0953
496.5477	89.0714
496.5477	88.0476
496.5477	87.0238
496.5477	86.0000
496.5477	84.9762
496.5477	83.9524
495.5239	83.9524
495.5239	82.9286
495.5239	81.9048
495.5239	80.8810
495.5239	78.8333
495.5239	76.7857
495.5239	74.7381
495.5239	73.7143
495.5239	72.6905
495.5239	71.6667
495.5239	70.6429
496.5477	70.6429
496.5477	68.5953
496.5477	67.5714
496.5477	66.5476
497.5715	64.5000
497.5715	62.4524
497.5715	60.4048
497.5715	58.3572
497.5715	56.3095
497.5715	55.2857
497.5715	54.2619
497.5715	53.2381
497.5715	52.2143
497.5715	53.2381
496.5477	54.2619
493.4763	56.3095
493.4763	58.3572
492.4525	59.3810
490.4049	62.4524
490.4049	63.4762
488.3572	66.5476
487.3334	67.5714
487.3334	68.5953
486.3096	70.6429
484.2620	71.6667
484.2620	73.7143
484.2620	74.7381
483.2382	76.7857
481.1906	79.8572
481.1906	81.9048
480.1668	82.9286
479.1429	84.9762
478.1191	84.9762
477.0953	86.0000
476.0715	87.0238
476.0715	89.0714
476.0715	90.0953
474.0239	92.1429
473.0001	93.1667
471.9763	96.2381
470.9525	98.2857
469.9287	100.3334
468.9049	102.3810
467.8810	103.4048
466.8572	104.4286
465.8334	106.4762
465.8334	107.5000
464.8096	108.5238
464.8096	109.5476
463.7858	109.5476
461.7382	109.5476
461.7382	110.5714
460.7144	110.5714
460.7144	112.6191
459.6906	113.6429
457.6429	115.6905
456.6191	116.7143
453.5477	118.7619
451.5001	119.7857
450.4763	121.8334
448.4287	122.8572
448.4287	124.9048
447.4048	124.9048
445.3572	126.9524
445.3572	127.9762
443.3096	127.9762
443.3096	129.0000
442.2858	129.0000
441.2620	130.0238
439.2144	131.0476
439.2144	132.0715
437.1667	132.0715
436.1429	132.0715
436.1429	133.0953
435.1191	134.1191
434.0953	134.1191
433.0715	136.1667
431.0239	137.1905
430.0001	137.1905
428.9763	139.2381
426.9287	140.2619
426.9287	142.3096
424.8810	143.3334
423.8572	144.3572
422.8334	145.3810
420.7858	147.4286
420.7858	148.4524
420.7858	149.4762
419.7620	151.5238
417.7144	151.5238
417.7144	152.5476
417.7144	154.5953
417.7144	156.6429
416.6906	157.6667
416.6906	158.6905
415.6667	158.6905
415.6667	159.7143
414.6429	159.7143
413.6191	160.7381
412.5953	160.7381
411.5715	160.7381
411.5715	159.7143
409.5239	158.6905
408.5001	157.6667
408.5001	155.6191
405.4286	154.5953
404.4048	153.5715
403.3810	152.5476
402.3572	151.5238
400.3096	150.5000
399.2858	148.4524
398.2620	148.4524
397.2382	148.4524
397.2382	146.4048
396.2144	145.3810
395.1906	145.3810
394.1667	145.3810
393.1429	143.3334
392.1191	142.3096
392.1191	141.2857
391.0953	140.2619
390.0715	139.2381
389.0477	138.2143
388.0239	137.1905
387.0001	135.1429
384.9525	134.1191
384.9525	133.0953
384.9525	131.0476
383.9286	131.0476
383.9286	130.0238
381.8810	130.0238
380.8572	130.0238
380.8572	129.0000
380.8572	127.9762
380.8572	126.9524
380.8572	125.9286
380.8572	124.9048
380.8572	122.8572
380.8572	120.8095
380.8572	119.7857
380.8572	116.7143
380.8572	115.6905
381.8810	113.6429
381.8810	111.5953
382.9048	110.5714
383.9286	108.5238
383.9286	106.4762
384.9525	105.4524
384.9525	104.4286
384.9525	103.4048
384.9525	102.3810
384.9525	101.3572
384.9525	99.3095
383.9286	96.2381
382.9048	95.2143
382.9048	92.1429
381.8810	90.0953
380.8572	88.0476
379.8334	87.0238
377.7858	84.9762
377.7858	83.9524
377.7858	81.9048
376.7620	81.9048
375.7382	81.9048
375.7382	80.8810
374.7144	80.8810
373.6905	80.8810
371.6429	80.8810
368.5715	80.8810
367.5477	80.8810
365.5001	80.8810
364.4763	81.9048
364.4763	82.9286
364.4763	83.9524
363.4525	84.9762
363.4525	87.0238
362.4286	88.0476
361.4048	88.0476
360.3810	90.0953
359.3572	92.1429
357.3096	93.1667
356.2858	95.2143
355.2620	96.2381
353.2144	98.2857
353.2144	100.3334
351.1667	101.3572
351.1667	103.4048
350.1429	104.4286
349.1191	105.4524
348.0953	107.5000
348.0953	108.5238
348.0953	109.5476
348.0953	110.5714
348.0953	111.5953
348.0953	112.6191
348.0953	113.6429
347.0715	114.6667
347.0715	115.6905
346.0477	117.7381
345.0239	118.7619
342.9763	121.8334
339.9048	122.8572
338.8810	124.9048
335.8096	126.9524
332.7382	127.9762
329.6667	130.0238
327.6191	132.0715
324.5477	133.0953
321.4763	134.1191
320.4524	134.1191
319.4286	134.1191
318.4048	136.1667
317.3810	136.1667
316.3572	136.1667
316.3572	137.1905
315.3334	137.1905
313.2858	139.2381
313.2858	140.2619
312.2620	140.2619
311.2382	140.2619
310.2143	140.2619
309.1905	140.2619
308.1667	140.2619
308.1667	142.3096
308.1667	141.2857
308.1667	139.2381
308.1667	138.2143
308.1667	135.1429
308.1667	133.0953
308.1667	132.0715
308.1667	130.0238
308.1667	127.9762
308.1667	125.9286
307.1429	123.8810
305.0953	121.8334
305.0953	120.8095
305.0953	118.7619
305.0953	116.7143
305.0953	113.6429
305.0953	110.5714
305.0953	107.5000
306.1191	105.4524
306.1191	102.3810
306.1191	99.3095
307.1429	96.2381
307.1429	94.1905
307.1429	91.1191
307.1429	89.0714
307.1429	86.0000
308.1667	82.9286
308.1667	79.8572
308.1667	76.7857
308.1667	74.7381
308.1667	73.7143
307.1429	72.6905
305.0953	70.6429
304.0715	69.6191
302.0239	69.6191
301.0001	68.5953
301.0001	67.5714
298.9524	65.5238
298.9524	63.4762
298.9524	62.4524
298.9524	60.4048
297.9286	59.3810
297.9286	56.3095
296.9048	54.2619
296.9048	53.2381
295.8810	51.1905
295.8810	50.1667
295.8810	48.1191
293.8334	45.0476
292.8096	44.0238
292.8096	41.9762
292.8096	40.9524
291.7858	40.9524
290.7620	40.9524
287.6905	40.9524
285.6429	40.9524
284.6191	40.9524
283.5953	41.9762
281.5477	41.9762
280.5239	43.0000
280.5239	45.0476
278.4762	45.0476
277.4524	48.1191
276.4286	50.1667
274.3810	51.1905
274.3810	53.2381
272.3334	54.2619
272.3334	56.3095
272.3334	57.3333
272.3334	59.3810
272.3334	60.4048
272.3334	62.4524
272.3334	64.5000
272.3334	66.5476
274.3810	68.5953
274.3810	70.6429
274.3810	71.6667
274.3810	73.7143
274.3810	76.7857
274.3810	79.8572
274.3810	82.9286
274.3810	87.0238
273.3572	90.0953
273.3572	93.1667
273.3572	96.2381
271.3096	97.2619
271.3096	100.3334
271.3096	103.4048
271.3096	104.4286
271.3096	106.4762
271.3096	108.5238
271.3096	111.5953
271.3096	112.6191
271.3096	115.6905
271.3096	117.7381
271.3096	118.7619
271.3096	120.8095
270.2858	120.8095
270.2858	122.8572
270.2858	123.8810
270.2858	125.9286
270.2858	127.9762
270.2858	131.0476
270.2858	135.1429
270.2858	138.2143
271.3096	142.3096
271.3096	145.3810
271.3096	148.4524
271.3096	151.5238
271.3096	153.5715
271.3096	156.6429
271.3096	158.6905
273.3572	160.7381
273.3572	161.7619
273.3572	163.8096
273.3572	164.8334
273.3572	166.8810
273.3572	167.9048
273.3572	168.9286
273.3572	170.9762
273.3572	172.0000
274.3810	173.0238
274.3810	174.0477
274.3810	176.0953
274.3810	177.1191
274.3810	179.1667
274.3810	180.1905
274.3810	182.2381
274.3810	183.2619
274.3810	185.3096
274.3810	187.3572
274.3810	188.3810
274.3810	189.4048
274.3810	191.4524
274.3810	192.4762
273.3572	193.5000
271.3096	195.5477
271.3096	196.5715
269.2620	197.5953
268.2381	198.6191
266.1905	198.6191
265.1667	199.6429
263.1191	199.6429
263.1191	200.6667
262.0953	201.6905
262.0953	202.7143
262.0953	203.7381
261.0715	203.7381
261.0715	205.7858
260.0477	205.7858
260.0477	206.8096
