586.6430	583.5715
589.7144	583.5715
592.7858	583.5715
595.8573	589.7144
602.0001	592.7858
605.0715	592.7858
611.2144	595.8573
617.3573	595.8573
620.4287	598.9287
626.5715	602.0001
632.7144	608.1430
638.8573	608.1430
641.9287	608.1430
645.0001	608.1430
648.0716	608.1430
654.2144	608.1430
657.2858	608.1430
663.4287	608.1430
669.5716	608.1430
675.7144	608.1430
675.7144	614.2858
678.7858	614.2858
681.8573	614.2858
684.9287	614.2858
688.0001	614.2858
688.0001	617.3573
691.0716	620.4287
694.1430	620.4287
697.2144	623.5001
703.3573	626.5715
706.4287	626.5715
715.6430	632.7144
718.7144	635.7858
724.8573	635.7858
731.0001	638.8573
740.2144	638.8573
746.3573	641.9287
749.4287	641.9287
755.5716	645.0001
758.6430	645.0001
761.7144	645.0001
764.7859	645.0001
767.8573	645.0001
770.9287	648.0716
774.0001	648.0716
777.0716	648.0716
780.1430	651.1430
783.2144	651.1430
789.3573	654.2144
792.4287	654.2144
795.5002	654.2144
798.5716	654.2144
798.5716	660.3573
801.6430	660.3573
804.7144	660.3573
804.7144	663.4287
807.7859	663.4287
810.8573	669.5716
813.9287	669.5716
823.1430	669.5716
826.2144	672.6430
832.3573	678.7858
835.4287	678.7858
841.5716	684.9287
844.6430	684.9287
850.7859	688.0001
853.8573	688.0001
856.9287	688.0001
860.0002	688.0001
860.0002	694.1430
863.0716	694.1430
866.1430	694.1430
869.2145	694.1430
872.2859	694.1430
875.3573	694.1430
875.3573	691.0716
881.5002	691.0716
884.5716	691.0716
887.6430	688.0001
890.7145	688.0001
890.7145	684.9287
890.7145	678.7858
893.7859	678.7858
896.8573	678.7858
899.9287	678.7858
899.9287	675.7144
903.0002	675.7144
903.0002	669.5716
906.0716	669.5716
909.1430	669.5716
912.2145	669.5716
915.2859	666.5001
918.3573	666.5001
918.3573	660.3573
921.4287	660.3573
927.5716	654.2144
930.6430	651.1430
933.7145	648.0716
936.7859	645.0001
939.8573	645.0001
939.8573	641.9287
946.0002	641.9287
949.0716	641.9287
949.0716	638.8573
949.0716	632.7144
955.2145	632.7144
958.2859	629.6430
958.2859	626.5715
964.4288	623.5001
967.5002	620.4287
967.5002	617.3573
970.5716	614.2858
970.5716	611.2144
970.5716	608.1430
976.7145	602.0001
979.7859	602.0001
979.7859	595.8573
985.9288	589.7144
989.0002	586.6430
989.0002	583.5715
989.0002	580.5001
995.1430	577.4287
998.2145	571.2858
1001.2859	568.2144
1007.4288	568.2144
1007.4288	565.1430
1010.5002	565.1430
1010.5002	562.0715
1010.5002	559.0001
1013.5716	559.0001
1013.5716	555.9287
1013.5716	552.8572
1019.7145	552.8572
1022.7859	552.8572
1022.7859	546.7144
1022.7859	543.6430
1022.7859	540.5715
1028.9288	540.5715
1028.9288	537.5001
1028.9288	534.4287
1028.9288	531.3572
1028.9288	525.2144
1028.9288	522.1430
1028.9288	519.0715
1032.0002	512.9287
1032.0002	506.7858
1032.0002	503.7144
1032.0002	500.6430
1028.9288	497.5715
1028.9288	494.5001
1028.9288	491.4287
1028.9288	488.3572
1022.7859	488.3572
1022.7859	485.2858
1022.7859	482.2144
1022.7859	479.1429
1019.7145	476.0715
1019.7145	473.0001
1013.5716	469.9287
1013.5716	466.8572
1010.5002	466.8572
1010.5002	463.7858
1010.5002	460.7144
1007.4288	457.6429
1007.4288	454.5715
1007.4288	451.5001
1007.4288	448.4287
1007.4288	445.3572
1007.4288	436.1429
1007.4288	430.0001
1007.4288	426.9287
1007.4288	423.8572
1007.4288	420.7858
1007.4288	414.6429
1004.3573	411.5715
1004.3573	408.5001
1004.3573	402.3572
1004.3573	393.1429
1001.2859	383.9286
995.1430	380.8572
995.1430	377.7858
989.0002	371.6429
985.9288	368.5715
985.9288	362.4286
985.9288	359.3572
982.8573	356.2858
982.8573	353.2144
982.8573	350.1429
979.7859	350.1429
979.7859	344.0001
979.7859	340.9286
976.7145	340.9286
976.7145	337.8572
973.6430	337.8572
967.5002	337.8572
964.4288	334.7858
964.4288	331.7143
961.3573	331.7143
958.2859	328.6429
955.2145	328.6429
952.1430	325.5715
946.0002	325.5715
946.0002	322.5001
942.9288	322.5001
942.9288	319.4286
939.8573	319.4286
939.8573	313.2858
936.7859	313.2858
936.7859	310.2143
933.7145	310.2143
930.6430	304.0715
927.5716	304.0715
927.5716	301.0001
924.5002	301.0001
921.4287	301.0001
918.3573	301.0001
915.2859	301.0001
912.2145	301.0001
909.1430	301.0001
906.0716	301.0001
903.0002	301.0001
899.9287	301.0001
896.8573	301.0001
893.7859	301.0001
887.6430	301.0001
884.5716	301.0001
878.4287	301.0001
869.2145	301.0001
866.1430	301.0001
860.0002	301.0001
856.9287	301.0001
850.7859	304.0715
844.6430	304.0715
841.5716	304.0715
835.4287	304.0715
832.3573	304.0715
829.2859	304.0715
826.2144	304.0715
823.1430	304.0715
820.0716	304.0715
817.0002	304.0715
813.9287	304.0715
807.7859	304.0715
804.7144	304.0715
801.6430	304.0715
798.5716	304.0715
795.5002	304.0715
792.4287	304.0715
789.3573	304.0715
786.2859	304.0715
783.2144	304.0715
783.2144	297.9286
780.1430	297.9286
777.0716	297.9286
777.0716	294.8572
770.9287	294.8572
767.8573	294.8572
764.7859	291.7858
761.7144	291.7858
758.6430	291.7858
755.5716	291.7858
752.5001	291.7858
749.4287	291.7858
746.3573	291.7858
743.2859	291.7858
740.2144	291.7858
734.0716	291.7858
731.0001	291.7858
727.9287	291.7858
724.8573	291.7858
721.7859	291.7858
718.7144	291.7858
715.6430	291.7858
712.5716	291.7858
706.4287	291.7858
703.3573	291.7858
697.2144	291.7858
694.1430	291.7858
691.0716	291.7858
688.0001	291.7858
688.0001	288.7143
684.9287	288.7143
681.8573	288.7143
678.7858	288.7143
675.7144	288.7143
672.6430	288.7143
669.5716	288.7143
666.5001	285.6429
663.4287	285.6429
660.3573	285.6429
657.2858	285.6429
654.2144	285.6429
651.1430	285.6429
648.0716	285.6429
645.0001	288.7143
641.9287	288.7143
638.8573	288.7143
635.7858	288.7143
632.7144	288.7143
629.6430	291.7858
623.5001	291.7858
617.3573	297.9286
614.2858	297.9286
608.1430	297.9286
605.0715	301.0001
602.0001	301.0001
595.8573	304.0715
589.7144	304.0715
589.7144	307.1429
583.5715	307.1429
580.5001	310.2143
577.4287	310.2143
574.3573	313.2858
571.2858	313.2858
568.2144	313.2858
562.0715	316.3572
562.0715	322.5001
559.0001	322.5001
552.8572	322.5001
552.8572	325.5715
549.7858	325.5715
546.7144	331.7143
543.6430	334.7858
540.5715	337.8572
534.4287	340.9286
534.4287	344.0001
534.4287	347.0715
534.4287	350.1429
531.3572	353.2144
531.3572	356.2858
528.2858	359.3572
528.2858	362.4286
525.2144	362.4286
525.2144	365.5001
525.2144	368.5715
522.1430	371.6429
522.1430	374.7144
519.0715	380.8572
519.0715	383.9286
519.0715	390.0715
516.0001	393.1429
516.0001	396.2144
516.0001	399.2858
516.0001	402.3572
516.0001	405.4286
512.9287	411.5715
512.9287	417.7144
512.9287	420.7858
512.9287	426.9287
509.8572	426.9287
509.8572	433.0715
509.8572	436.1429
509.8572	439.2144
509.8572	442.2858
509.8572	445.3572
509.8572	448.4287
509.8572	451.5001
509.8572	454.5715
509.8572	460.7144
509.8572	463.7858
509.8572	466.8572
509.8572	473.0001
509.8572	476.0715
509.8572	479.1429
509.8572	482.2144
509.8572	488.3572
509.8572	491.4287
509.8572	494.5001
509.8572	497.5715
512.9287	500.6430
512.9287	503.7144
512.9287	506.7858
512.9287	509.8572
512.9287	512.9287
519.0715	512.9287
519.0715	516.0001
519.0715	519.0715
522.1430	519.0715
522.1430	522.1430
522.1430	525.2144
522.1430	528.2858
525.2144	528.2858
525.2144	531.3572
531.3572	531.3572
531.3572	534.4287
531.3572	540.5715
531.3572	543.6430
537.5001	543.6430
537.5001	546.7144
537.5001	549.7858
537.5001	552.8572
540.5715	552.8572
540.5715	555.9287
540.5715	559.0001
546.7144	559.0001
546.7144	562.0715
549.7858	562.0715
552.8572	565.1430
555.9287	568.2144
559.0001	568.2144
559.0001	574.3573
562.0715	574.3573
565.1430	577.4287
568.2144	577.4287
568.2144	580.5001
571.2858	580.5001
571.2858	583.5715
574.3573	583.5715
577.4287	583.5715
577.4287	586.6430
583.5715	586.6430
586.6430	586.6430
589.7144	586.6430
589.7144	589.7144
592.7858	589.7144
595.8573	589.7144
605.0715	586.6430
611.2144	586.6430
