3.8000	3.0800
3.8533	3.0800
3.9467	3.0933
3.9867	3.0933
4.0267	3.1067
4.0533	3.1200
4.0667	3.1200
4.0800	3.1200
4.0933	3.1200
4.1067	3.1200
4.1333	3.1200
4.1467	3.1200
4.1733	3.1200
4.1867	3.1200
4.2000	3.1200
4.2133	3.1067
4.2267	3.1067
4.2400	3.0933
4.2667	3.0933
4.2800	3.0933
4.2933	3.0933
4.3200	3.0933
4.3467	3.0933
4.3467	3.0800
4.3600	3.0667
4.3733	3.0667
4.3733	3.0400
4.3867	3.0400
4.4000	3.0400
4.4133	3.0267
4.4267	3.0267
4.4400	3.0267
4.4533	3.0267
4.4667	3.0267
4.4933	3.0267
4.5200	3.0400
4.5333	3.0400
4.5600	3.0533
4.5733	3.0533
4.6000	3.0533
4.6133	3.0667
4.6400	3.0667
4.6533	3.0667
4.6667	3.0667
4.6800	3.0667
4.6933	3.0667
4.7067	3.0667
4.7200	3.0667
4.7333	3.0667
4.7733	3.0667
4.7867	3.0667
4.8000	3.0667
4.8133	3.0667
4.8533	3.0667
4.8933	3.0667
4.9333	3.0667
4.9467	3.0667
4.9733	3.0667
4.9867	3.0667
5.0133	3.0667
5.0267	3.0667
5.0400	3.0667
5.0533	3.0667
5.0667	3.0667
5.0800	3.0667
5.0933	3.0667
5.1200	3.0667
5.1333	3.0667
5.1467	3.0667
5.1600	3.0667
5.1733	3.0667
5.1733	3.0533
5.1867	3.0533
5.2000	3.0533
5.2267	3.0533
5.2400	3.0533
5.2667	3.0533
5.2800	3.0400
5.2933	3.0400
5.3067	3.0400
5.3467	3.0267
5.3733	3.0267
5.4000	3.0133
5.4133	3.0133
5.4267	3.0133
5.4533	3.0133
5.4533	2.9867
5.4667	2.9867
5.4933	2.9867
5.5067	2.9867
5.5200	2.9867
5.5200	3.0000
5.5200	3.0267
5.5200	3.0400
5.5333	3.0400
5.5467	3.0400
5.5733	3.0400
5.5867	3.0533
5.6267	3.0533
5.6400	3.0533
5.6800	3.0533
5.7200	3.0533
5.7333	3.0533
5.7600	3.0533
5.7733	3.0533
5.7867	3.0533
5.8000	3.0533
5.8133	3.0533
5.8267	3.0533
5.8400	3.0533
5.8800	3.0533
5.9067	3.0533
5.9200	3.0533
5.9467	3.0533
5.9600	3.0533
5.9733	3.0533
5.9867	3.0533
6.0000	3.0533
6.0267	3.0533
6.0533	3.0533
6.0667	3.0533
6.0933	3.0533
6.1067	3.0533
6.1200	3.0533
6.1333	3.0533
6.1600	3.0533
6.1733	3.0533
6.1867	3.0533
6.2133	3.0533
6.2267	3.0533
6.2400	3.0533
6.2533	3.0533
6.2800	3.0667
6.3067	3.0800
6.3200	3.0800
6.3333	3.0800
6.3333	3.1067
6.3467	3.1067
6.3733	3.1200
6.3867	3.1200
6.4000	3.1333
6.4267	3.1333
6.4400	3.1467
6.4400	3.1733
6.4667	3.1867
6.4800	3.1867
6.4933	3.1867
6.5067	3.1867
6.5333	3.2000
6.5467	3.2000
6.5467	3.2133
6.5600	3.2133
6.5733	3.2133
6.6000	3.2133
6.6133	3.2133
6.6267	3.2133
6.6400	3.2267
6.6400	3.2400
6.6400	3.2533
6.6533	3.2533
6.6533	3.2667
6.6533	3.2800
6.6267	3.2800
6.6133	3.2800
6.5867	3.2800
6.5733	3.2800
6.5600	3.2800
6.5467	3.2800
6.5200	3.2800
6.5067	3.2800
6.4800	3.2800
6.4667	3.2800
6.4533	3.2800
6.4400	3.2800
6.4267	3.2800
6.4133	3.2667
6.4000	3.2667
6.4000	3.2533
6.3867	3.2533
6.3733	3.2533
6.3600	3.2533
6.3600	3.2267
6.3333	3.2267
6.3200	3.2267
6.3067	3.2267
6.2933	3.2267
6.2800	3.2267
6.2800	3.2400
6.2800	3.2533
6.2800	3.2667
6.2800	3.2800
6.2800	3.2933
6.3067	3.2933
6.3067	3.3067
6.3067	3.3200
6.3067	3.3333
6.3067	3.3467
6.3067	3.3600
6.3067	3.3733
6.2800	3.3733
6.2667	3.3867
6.2533	3.3867
6.2267	3.3867
6.2000	3.4133
6.1733	3.4133
6.1733	3.4267
6.1600	3.4267
6.1600	3.4400
6.1600	3.4533
6.1600	3.4667
6.1467	3.4667
6.1467	3.4933
6.1333	3.4933
6.1200	3.4933
6.1067	3.4933
6.0933	3.4933
6.0800	3.4800
6.0533	3.4533
6.0400	3.4533
6.0400	3.4400
6.0133	3.4400
6.0133	3.4267
6.0000	3.4267
5.9867	3.4267
5.9733	3.4267
5.9733	3.4000
5.9600	3.4000
5.9467	3.4000
5.9333	3.4000
5.9200	3.4000
5.9067	3.4000
5.8933	3.3867
5.8933	3.3733
5.8667	3.3733
5.8533	3.3733
5.8533	3.3600
5.8400	3.3600
5.8267	3.3600
5.8267	3.3467
5.8267	3.3333
5.8267	3.3200
5.8267	3.3067
5.8267	3.2933
5.8267	3.2667
5.8133	3.2667
5.8000	3.2533
5.7867	3.2533
5.7733	3.2533
5.7600	3.2400
5.7467	3.2400
5.7333	3.2400
5.7200	3.2400
5.7067	3.2400
5.6800	3.2400
5.6667	3.2400
5.6400	3.2400
5.6267	3.2400
5.6133	3.2400
5.6000	3.2400
5.6000	3.2533
5.5733	3.2533
5.5600	3.2533
5.5333	3.2667
5.5200	3.2667
5.5067	3.2667
5.4933	3.2667
5.4800	3.2667
5.4667	3.2667
5.4533	3.2667
5.4400	3.2667
5.4133	3.2667
5.3867	3.2667
5.3733	3.2667
5.3600	3.2667
5.3467	3.2667
5.3333	3.2667
5.3200	3.2667
5.2933	3.2667
5.2800	3.2667
5.2533	3.2667
5.2133	3.2667
5.2000	3.2667
5.1733	3.2667
5.1600	3.2667
5.1467	3.2667
5.1333	3.2667
5.1200	3.2667
5.0933	3.2667
5.0800	3.2667
5.0667	3.2667
5.0400	3.2667
5.0267	3.2667
4.9867	3.2667
4.9733	3.2667
4.9867	3.2667
4.9867	3.2933
5.0133	3.3067
5.0133	3.3200
5.0400	3.3467
5.0533	3.3467
5.0533	3.3733
5.0667	3.3867
5.0800	3.3867
5.0800	3.4000
5.0933	3.4000
5.0933	3.4133
5.1067	3.4133
5.1200	3.4267
5.1333	3.4267
5.1333	3.4400
5.1467	3.4400
5.1467	3.4667
5.1600	3.4667
5.1600	3.4800
5.1733	3.4800
5.1867	3.4800
5.2267	3.4933
5.2800	3.5200
5.3067	3.5200
5.3200	3.5200
5.3200	3.5333
5.3200	3.5467
5.3200	3.5600
5.3200	3.5733
5.3067	3.5733
5.2933	3.5733
5.2667	3.5733
5.2533	3.5733
5.2133	3.5733
5.1733	3.5733
5.1733	3.5867
5.1733	3.6000
5.1733	3.6133
5.1733	3.6267
5.1733	3.6400
5.1733	3.6533
5.1733	3.6667
5.1733	3.6800
5.1600	3.6800
5.1333	3.6800
5.1200	3.6800
5.0933	3.6800
5.0933	3.6667
5.0667	3.6667
5.0533	3.6667
5.0400	3.6667
5.0400	3.6800
5.0267	3.6933
5.0133	3.6933
5.0133	3.7067
5.0000	3.7067
4.9867	3.7067
4.9733	3.7200
4.9600	3.7200
4.9467	3.7200
4.9200	3.7200
4.9067	3.7200
4.8933	3.7200
4.8667	3.7200
4.8533	3.7200
4.8400	3.7200
4.8133	3.7200
4.8000	3.7200
4.7867	3.7200
4.7733	3.7200
4.7600	3.7333
4.7333	3.7333
4.7333	3.7467
4.7200	3.7467
4.7200	3.7600
4.7067	3.7600
4.6933	3.7733
4.6800	3.7733
4.6667	3.7733
4.6533	3.7733
4.6533	3.8000
4.6400	3.8000
4.6267	3.8000
4.6133	3.8000
4.6000	3.8000
4.5733	3.8000
4.5600	3.8000
4.5467	3.8000
4.5467	3.7867
4.5333	3.7867
4.5200	3.7867
4.4933	3.7733
4.4533	3.7733
4.4400	3.7733
4.4267	3.7600
4.4133	3.7600
4.4133	3.7467
4.3867	3.7467
4.3867	3.7333
4.3733	3.7333
4.3600	3.7067
4.3600	3.6800
4.3467	3.6667
4.3333	3.6533
4.3200	3.6400
4.2933	3.6400
4.2933	3.6267
4.2533	3.6000
4.2400	3.5867
4.2133	3.5867
4.2133	3.5733
4.2000	3.5600
4.2000	3.5467
4.2000	3.5333
4.1867	3.5333
4.1867	3.5067
4.1733	3.5067
4.1733	3.4933
4.1600	3.4933
4.1467	3.4933
4.1333	3.4800
4.1067	3.4800
4.0933	3.4800
4.0533	3.4800
4.0267	3.4800
3.9867	3.4800
3.9600	3.4800
3.9467	3.4800
3.9333	3.4800
3.9200	3.4667
3.9067	3.4667
3.8800	3.4667
3.8800	3.4400
3.8667	3.4400
3.8400	3.4400
3.8267	3.4267
3.8133	3.4267
3.8000	3.4267
3.8000	3.4133
3.7867	3.4133
3.7867	3.3867
3.7733	3.3867
3.7733	3.3733
3.7600	3.3733
3.7333	3.3467
3.7200	3.3467
3.7200	3.3333
3.6933	3.3333
3.6800	3.3333
3.6667	3.3333
3.6667	3.3200
3.6533	3.3200
3.6400	3.3200
3.6267	3.3200
3.6133	3.3200
3.6000	3.3200
3.5733	3.3200
3.5600	3.3200
3.5333	3.3200
3.5200	3.3200
3.5067	3.3200
3.4933	3.3200
3.4800	3.3200
3.4667	3.3200
3.4400	3.3200
3.4267	3.3200
3.4000	3.3200
3.3867	3.3200
3.3600	3.3200
3.3467	3.3200
3.3333	3.3200
3.3067	3.3200
3.2933	3.3200
3.2533	3.3200
3.2400	3.3200
3.2267	3.3200
3.2133	3.3200
3.1867	3.3200
3.1467	3.3200
3.0667	3.3200
3.0267	3.3200
3.0400	3.3200
3.0800	3.2933
3.1467	3.2800
3.1867	3.2800
3.2267	3.2800
3.2667	3.2667
3.2800	3.2667
3.3067	3.2667
3.3200	3.2667
3.3467	3.2667
3.3600	3.2667
3.3867	3.2667
3.4000	3.2667
3.4133	3.2667
3.4400	3.2667
3.4800	3.2667
3.5067	3.2667
3.5067	3.2533
3.4933	3.2533
3.4800	3.2400
3.4667	3.2400
3.4533	3.2400
3.4400	3.2267
3.4400	3.2133
3.4400	3.2000
3.4267	3.1867
3.4000	3.1867
3.3867	3.1733
3.3600	3.1467
3.3467	3.1467
3.3200	3.1467
3.3200	3.1333
3.3067	3.1333
3.3333	3.1333
3.3600	3.1333
3.4267	3.1333
3.5067	3.1467
3.5600	3.1600
3.6267	3.1600
3.6533	3.1600
3.6933	3.1733
3.7067	3.1733
3.7200	3.1733
3.7333	3.1733
3.7467	3.1733
3.7467	3.1600
3.7467	3.1467
3.7467	3.1333
3.7467	3.1200
