244.6905	109.5476
244.6905	111.5953
244.6905	112.6191
244.6905	114.6667
244.6905	115.6905
244.6905	118.7619
244.6905	119.7857
244.6905	120.8095
244.6905	122.8572
244.6905	124.9048
244.6905	126.9524
244.6905	127.9762
244.6905	130.0238
244.6905	132.0715
244.6905	133.0953
245.7143	134.1191
245.7143	136.1667
245.7143	137.1905
245.7143	139.2381
245.7143	140.2619
245.7143	141.2857
247.7620	142.3096
247.7620	143.3334
247.7620	144.3572
247.7620	145.3810
247.7620	146.4048
247.7620	147.4286
246.7381	147.4286
246.7381	149.4762
245.7143	149.4762
243.6667	149.4762
242.6429	149.4762
241.6191	149.4762
239.5715	149.4762
238.5477	149.4762
237.5239	149.4762
236.5000	149.4762
236.5000	150.5000
235.4762	150.5000
235.4762	151.5238
233.4286	151.5238
232.4048	151.5238
232.4048	153.5715
231.3810	154.5953
231.3810	155.6191
231.3810	156.6429
231.3810	157.6667
231.3810	158.6905
231.3810	159.7143
231.3810	160.7381
231.3810	161.7619
231.3810	162.7857
231.3810	163.8096
231.3810	164.8334
231.3810	165.8572
232.4048	166.8810
232.4048	167.9048
232.4048	168.9286
232.4048	169.9524
232.4048	170.9762
233.4286	170.9762
233.4286	173.0238
234.4524	174.0477
234.4524	175.0715
235.4762	175.0715
235.4762	176.0953
235.4762	177.1191
235.4762	178.1429
235.4762	179.1667
235.4762	180.1905
235.4762	181.2143
235.4762	182.2381
235.4762	183.2619
235.4762	184.2857
235.4762	185.3096
234.4524	186.3334
234.4524	187.3572
233.4286	188.3810
233.4286	189.4048
233.4286	190.4286
233.4286	192.4762
233.4286	193.5000
234.4524	193.5000
235.4762	193.5000
235.4762	195.5477
236.5000	196.5715
236.5000	197.5953
236.5000	198.6191
238.5477	198.6191
239.5715	198.6191
239.5715	200.6667
239.5715	201.6905
240.5953	202.7143
240.5953	203.7381
240.5953	204.7619
240.5953	205.7858
240.5953	206.8096
240.5953	207.8334
240.5953	208.8572
240.5953	209.8810
240.5953	210.9048
240.5953	211.9286
238.5477	211.9286
235.4762	210.9048
233.4286	208.8572
230.3572	207.8334
228.3096	206.8096
226.2619	206.8096
225.2381	206.8096
224.2143	206.8096
223.1905	206.8096
222.1667	206.8096
222.1667	208.8572
221.1429	208.8572
221.1429	210.9048
221.1429	211.9286
221.1429	212.9524
221.1429	213.9762
221.1429	215.0000
221.1429	216.0239
219.0953	217.0477
219.0953	218.0715
219.0953	219.0953
219.0953	220.1191
219.0953	221.1429
219.0953	222.1667
219.0953	223.1905
219.0953	224.2143
219.0953	225.2381
219.0953	226.2619
221.1429	227.2858
221.1429	228.3096
221.1429	229.3334
222.1667	230.3572
222.1667	232.4048
223.1905	232.4048
223.1905	234.4524
224.2143	235.4762
224.2143	236.5000
225.2381	237.5239
227.2858	237.5239
227.2858	238.5477
229.3334	239.5715
230.3572	239.5715
232.4048	241.6191
233.4286	241.6191
235.4762	241.6191
236.5000	241.6191
237.5239	241.6191
238.5477	241.6191
238.5477	243.6667
238.5477	244.6905
238.5477	245.7143
238.5477	247.7620
238.5477	250.8334
238.5477	252.8810
238.5477	253.9048
238.5477	256.9762
238.5477	259.0239
238.5477	260.0477
238.5477	262.0953
238.5477	263.1191
238.5477	264.1429
239.5715	264.1429
241.6191	265.1667
243.6667	265.1667
245.7143	265.1667
246.7381	266.1905
247.7620	266.1905
247.7620	267.2143
248.7858	267.2143
248.7858	269.2620
248.7858	270.2858
249.8096	270.2858
249.8096	271.3096
249.8096	272.3334
249.8096	273.3572
248.7858	273.3572
247.7620	275.4048
245.7143	276.4286
244.6905	278.4762
242.6429	279.5001
242.6429	280.5239
240.5953	280.5239
239.5715	281.5477
238.5477	282.5715
237.5239	282.5715
237.5239	283.5953
237.5239	284.6191
237.5239	286.6667
237.5239	287.6905
237.5239	288.7143
238.5477	289.7382
238.5477	291.7858
239.5715	292.8096
239.5715	293.8334
239.5715	294.8572
240.5953	295.8810
241.6191	295.8810
242.6429	296.9048
242.6429	297.9286
244.6905	297.9286
245.7143	297.9286
245.7143	298.9524
246.7381	298.9524
246.7381	299.9762
247.7620	299.9762
247.7620	301.0001
248.7858	301.0001
249.8096	301.0001
250.8334	301.0001
250.8334	303.0477
251.8572	303.0477
253.9048	303.0477
253.9048	304.0715
254.9286	304.0715
255.9524	305.0953
258.0000	306.1191
259.0239	306.1191
262.0953	307.1429
263.1191	307.1429
265.1667	307.1429
265.1667	309.1905
267.2143	309.1905
268.2381	310.2143
269.2620	310.2143
269.2620	311.2382
271.3096	311.2382
271.3096	313.2858
271.3096	315.3334
271.3096	316.3572
271.3096	317.3810
271.3096	318.4048
271.3096	319.4286
271.3096	320.4524
271.3096	321.4763
271.3096	323.5239
271.3096	324.5477
271.3096	325.5715
271.3096	326.5953
271.3096	327.6191
270.2858	327.6191
270.2858	328.6429
270.2858	329.6667
269.2620	329.6667
269.2620	330.6905
269.2620	331.7143
269.2620	332.7382
268.2381	333.7620
268.2381	335.8096
268.2381	337.8572
267.2143	338.8810
267.2143	339.9048
267.2143	340.9286
266.1905	340.9286
266.1905	342.9763
265.1667	344.0001
265.1667	346.0477
265.1667	347.0715
264.1429	349.1191
264.1429	350.1429
264.1429	351.1667
263.1191	352.1905
263.1191	353.2144
263.1191	354.2382
263.1191	355.2620
262.0953	355.2620
262.0953	356.2858
262.0953	357.3096
262.0953	359.3572
262.0953	361.4048
262.0953	362.4286
262.0953	363.4525
262.0953	364.4763
262.0953	365.5001
262.0953	366.5239
262.0953	368.5715
262.0953	369.5953
262.0953	370.6191
262.0953	371.6429
262.0953	372.6667
263.1191	373.6905
263.1191	374.7144
263.1191	376.7620
264.1429	377.7858
264.1429	379.8334
265.1667	380.8572
266.1905	380.8572
266.1905	381.8810
267.2143	381.8810
268.2381	381.8810
268.2381	379.8334
270.2858	378.8096
271.3096	376.7620
272.3334	375.7382
273.3572	375.7382
274.3810	374.7144
274.3810	373.6905
275.4048	373.6905
276.4286	371.6429
278.4762	371.6429
279.5001	370.6191
281.5477	369.5953
283.5953	367.5477
284.6191	367.5477
286.6667	366.5239
288.7143	366.5239
291.7858	366.5239
293.8334	366.5239
296.9048	366.5239
298.9524	366.5239
299.9762	366.5239
302.0239	366.5239
305.0953	366.5239
306.1191	366.5239
309.1905	365.5001
312.2620	365.5001
314.3096	364.4763
316.3572	364.4763
317.3810	364.4763
318.4048	363.4525
319.4286	362.4286
320.4524	361.4048
321.4763	360.3810
321.4763	359.3572
322.5001	358.3334
323.5239	357.3096
325.5715	357.3096
326.5953	356.2858
328.6429	354.2382
328.6429	353.2144
330.6905	353.2144
331.7143	353.2144
332.7382	353.2144
334.7858	353.2144
334.7858	352.1905
336.8334	352.1905
337.8572	352.1905
338.8810	352.1905
339.9048	352.1905
340.9286	352.1905
344.0001	352.1905
346.0477	352.1905
348.0953	352.1905
350.1429	352.1905
352.1905	352.1905
353.2144	352.1905
354.2382	352.1905
355.2620	352.1905
355.2620	353.2144
355.2620	354.2382
356.2858	356.2858
356.2858	357.3096
356.2858	358.3334
356.2858	359.3572
357.3096	359.3572
357.3096	360.3810
358.3334	360.3810
359.3572	360.3810
359.3572	361.4048
359.3572	362.4286
359.3572	363.4525
359.3572	365.5001
359.3572	367.5477
359.3572	368.5715
359.3572	370.6191
359.3572	371.6429
359.3572	372.6667
359.3572	373.6905
359.3572	374.7144
359.3572	375.7382
359.3572	376.7620
359.3572	377.7858
359.3572	378.8096
359.3572	379.8334
359.3572	380.8572
359.3572	381.8810
361.4048	382.9048
362.4286	384.9525
363.4525	385.9763
364.4763	387.0001
366.5239	388.0239
367.5477	390.0715
368.5715	390.0715
369.5953	390.0715
370.6191	391.0953
372.6667	391.0953
375.7382	391.0953
376.7620	391.0953
378.8096	391.0953
379.8334	391.0953
380.8572	391.0953
381.8810	391.0953
382.9048	391.0953
383.9286	391.0953
385.9763	389.0477
388.0239	388.0239
389.0477	387.0001
391.0953	387.0001
392.1191	387.0001
393.1429	387.0001
394.1667	387.0001
395.1906	387.0001
396.2144	387.0001
397.2382	387.0001
398.2620	387.0001
399.2858	387.0001
401.3334	387.0001
402.3572	387.0001
405.4286	385.9763
406.4525	385.9763
407.4763	384.9525
407.4763	382.9048
407.4763	381.8810
408.5001	381.8810
408.5001	380.8572
408.5001	379.8334
409.5239	378.8096
410.5477	378.8096
412.5953	378.8096
413.6191	378.8096
415.6667	378.8096
417.7144	379.8334
418.7382	379.8334
420.7858	380.8572
421.8096	380.8572
422.8334	380.8572
425.9048	380.8572
426.9287	380.8572
427.9525	380.8572
428.9763	380.8572
428.9763	379.8334
428.9763	378.8096
428.9763	375.7382
426.9287	374.7144
424.8810	372.6667
423.8572	371.6429
423.8572	370.6191
423.8572	369.5953
423.8572	368.5715
423.8572	367.5477
423.8572	366.5239
423.8572	364.4763
423.8572	362.4286
424.8810	362.4286
425.9048	362.4286
426.9287	361.4048
426.9287	359.3572
427.9525	359.3572
430.0001	358.3334
431.0239	356.2858
433.0715	356.2858
436.1429	356.2858
439.2144	355.2620
442.2858	355.2620
444.3334	355.2620
445.3572	355.2620
448.4287	354.2382
449.4525	354.2382
450.4763	354.2382
450.4763	353.2144
451.5001	353.2144
452.5239	353.2144
452.5239	351.1667
453.5477	351.1667
454.5715	350.1429
455.5953	349.1191
457.6429	347.0715
460.7144	346.0477
463.7858	346.0477
464.8096	346.0477
467.8810	346.0477
469.9287	346.0477
470.9525	346.0477
471.9763	346.0477
473.0001	346.0477
474.0239	346.0477
476.0715	348.0953
477.0953	349.1191
479.1429	351.1667
480.1668	351.1667
482.2144	352.1905
485.2858	352.1905
488.3572	352.1905
489.3810	352.1905
491.4287	352.1905
492.4525	352.1905
493.4763	352.1905
494.5001	352.1905
495.5239	352.1905
496.5477	352.1905
498.5953	352.1905
499.6191	352.1905
502.6906	352.1905
504.7382	352.1905
507.8096	352.1905
508.8334	352.1905
509.8572	352.1905
509.8572	351.1667
509.8572	350.1429
509.8572	349.1191
509.8572	347.0715
509.8572	346.0477
508.8334	345.0239
508.8334	344.0001
508.8334	342.9763
508.8334	341.9524
508.8334	340.9286
508.8334	339.9048
511.9049	337.8572
520.0953	335.8096
524.1906	334.7858
526.2382	332.7382
527.2620	332.7382
527.2620	330.6905
528.2858	330.6905
529.3096	330.6905
530.3334	330.6905
531.3572	330.6905
532.3811	330.6905
534.4287	330.6905
535.4525	330.6905
536.4763	330.6905
537.5001	329.6667
538.5239	329.6667
539.5477	327.6191
541.5953	326.5953
542.6192	326.5953
544.6668	325.5715
545.6906	325.5715
547.7382	324.5477
548.7620	324.5477
548.7620	323.5239
549.7858	323.5239
551.8334	323.5239
552.8572	323.5239
554.9049	323.5239
554.9049	322.5001
554.9049	321.4763
554.9049	320.4524
554.9049	319.4286
554.9049	318.4048
553.8811	316.3572
551.8334	314.3096
548.7620	313.2858
548.7620	311.2382
547.7382	311.2382
547.7382	310.2143
545.6906	310.2143
545.6906	309.1905
543.6430	309.1905
542.6192	308.1667
541.5953	308.1667
539.5477	308.1667
538.5239	306.1191
537.5001	305.0953
536.4763	305.0953
535.4525	305.0953
534.4287	303.0477
532.3811	302.0239
531.3572	302.0239
529.3096	299.9762
528.2858	298.9524
525.2144	296.9048
522.1430	295.8810
519.0715	293.8334
519.0715	291.7858
519.0715	290.7620
517.0239	290.7620
517.0239	289.7382
517.0239	287.6905
517.0239	286.6667
517.0239	284.6191
517.0239	283.5953
517.0239	281.5477
517.0239	279.5001
517.0239	278.4762
517.0239	276.4286
517.0239	275.4048
514.9763	273.3572
513.9525	271.3096
512.9287	270.2858
512.9287	269.2620
510.8810	268.2381
510.8810	267.2143
509.8572	265.1667
506.7858	262.0953
504.7382	261.0715
501.6668	259.0239
500.6430	256.9762
498.5953	254.9286
496.5477	252.8810
495.5239	250.8334
495.5239	249.8096
493.4763	248.7858
493.4763	246.7381
493.4763	245.7143
493.4763	244.6905
493.4763	243.6667
491.4287	243.6667
490.4049	241.6191
489.3810	240.5953
486.3096	239.5715
484.2620	237.5239
483.2382	236.5000
481.1906	235.4762
480.1668	234.4524
478.1191	233.4286
477.0953	233.4286
476.0715	233.4286
476.0715	232.4048
475.0477	232.4048
473.0001	232.4048
470.9525	232.4048
469.9287	230.3572
466.8572	229.3334
465.8334	229.3334
464.8096	229.3334
463.7858	228.3096
463.7858	226.2619
462.7620	225.2381
462.7620	224.2143
462.7620	223.1905
462.7620	222.1667
462.7620	221.1429
462.7620	220.1191
462.7620	219.0953
463.7858	218.0715
463.7858	217.0477
465.8334	217.0477
465.8334	216.0239
465.8334	215.0000
465.8334	213.9762
465.8334	212.9524
465.8334	211.9286
465.8334	210.9048
465.8334	209.8810
464.8096	208.8572
464.8096	207.8334
463.7858	207.8334
463.7858	206.8096
462.7620	206.8096
462.7620	205.7858
462.7620	204.7619
462.7620	203.7381
462.7620	202.7143
462.7620	201.6905
462.7620	200.6667
462.7620	199.6429
464.8096	199.6429
465.8334	198.6191
466.8572	198.6191
468.9049	196.5715
474.0239	193.5000
480.1668	191.4524
483.2382	190.4286
484.2620	187.3572
484.2620	186.3334
484.2620	185.3096
484.2620	184.2857
484.2620	183.2619
483.2382	183.2619
482.2144	183.2619
481.1906	183.2619
480.1668	183.2619
479.1429	183.2619
478.1191	183.2619
477.0953	183.2619
476.0715	183.2619
475.0477	183.2619
474.0239	184.2857
473.0001	184.2857
471.9763	184.2857
471.9763	185.3096
470.9525	185.3096
469.9287	185.3096
468.9049	185.3096
466.8572	185.3096
464.8096	185.3096
463.7858	185.3096
462.7620	185.3096
460.7144	185.3096
457.6429	185.3096
455.5953	185.3096
451.5001	185.3096
445.3572	185.3096
440.2382	185.3096
437.1667	185.3096
434.0953	185.3096
433.0715	185.3096
431.0239	185.3096
431.0239	184.2857
430.0001	184.2857
428.9763	183.2619
426.9287	182.2381
425.9048	180.1905
424.8810	180.1905
424.8810	178.1429
423.8572	178.1429
422.8334	177.1191
422.8334	176.0953
422.8334	175.0715
421.8096	173.0238
421.8096	172.0000
419.7620	172.0000
418.7382	170.9762
417.7144	169.9524
416.6906	169.9524
416.6906	168.9286
415.6667	168.9286
413.6191	166.8810
412.5953	165.8572
410.5477	165.8572
408.5001	165.8572
407.4763	165.8572
407.4763	164.8334
406.4525	164.8334
405.4286	164.8334
403.3810	164.8334
403.3810	163.8096
403.3810	162.7857
403.3810	161.7619
403.3810	159.7143
403.3810	158.6905
403.3810	157.6667
403.3810	155.6191
403.3810	153.5715
403.3810	152.5476
403.3810	150.5000
403.3810	149.4762
403.3810	147.4286
403.3810	145.3810
402.3572	144.3572
402.3572	143.3334
401.3334	142.3096
401.3334	141.2857
401.3334	140.2619
399.2858	138.2143
398.2620	138.2143
397.2382	138.2143
397.2382	137.1905
396.2144	137.1905
395.1906	137.1905
394.1667	136.1667
392.1191	136.1667
390.0715	136.1667
387.0001	136.1667
385.9763	136.1667
382.9048	136.1667
381.8810	136.1667
380.8572	136.1667
379.8334	136.1667
378.8096	135.1429
377.7858	135.1429
377.7858	133.0953
376.7620	133.0953
375.7382	133.0953
375.7382	132.0715
373.6905	131.0476
373.6905	130.0238
373.6905	127.9762
372.6667	127.9762
370.6191	127.9762
370.6191	126.9524
369.5953	124.9048
368.5715	124.9048
368.5715	123.8810
367.5477	123.8810
366.5239	121.8334
365.5001	121.8334
364.4763	121.8334
363.4525	121.8334
362.4286	121.8334
361.4048	121.8334
360.3810	121.8334
359.3572	121.8334
357.3096	121.8334
355.2620	121.8334
353.2144	121.8334
352.1905	121.8334
350.1429	121.8334
349.1191	121.8334
348.0953	121.8334
347.0715	121.8334
346.0477	121.8334
345.0239	121.8334
342.9763	121.8334
340.9286	121.8334
339.9048	122.8572
336.8334	124.9048
335.8096	124.9048
334.7858	124.9048
331.7143	125.9286
330.6905	126.9524
328.6429	126.9524
326.5953	127.9762
323.5239	127.9762
322.5001	127.9762
319.4286	127.9762
318.4048	127.9762
317.3810	127.9762
316.3572	126.9524
316.3572	125.9286
314.3096	125.9286
314.3096	124.9048
313.2858	122.8572
312.2620	121.8334
311.2382	120.8095
310.2143	120.8095
309.1905	120.8095
309.1905	119.7857
308.1667	119.7857
307.1429	118.7619
307.1429	117.7381
306.1191	116.7143
305.0953	115.6905
305.0953	114.6667
305.0953	112.6191
304.0715	112.6191
304.0715	111.5953
303.0477	110.5714
301.0001	110.5714
301.0001	108.5238
298.9524	107.5000
297.9286	105.4524
295.8810	104.4286
294.8572	102.3810
293.8334	102.3810
292.8096	102.3810
292.8096	101.3572
291.7858	100.3334
291.7858	99.3095
290.7620	99.3095
290.7620	98.2857
289.7382	98.2857
289.7382	97.2619
288.7143	97.2619
287.6905	97.2619
286.6667	97.2619
285.6429	97.2619
284.6191	97.2619
284.6191	96.2381
283.5953	96.2381
282.5715	96.2381
281.5477	96.2381
280.5239	95.2143
279.5001	95.2143
277.4524	93.1667
276.4286	92.1429
273.3572	90.0953
271.3096	89.0714
269.2620	86.0000
268.2381	84.9762
266.1905	82.9286
265.1667	82.9286
265.1667	81.9048
264.1429	81.9048
264.1429	82.9286
264.1429	83.9524
264.1429	84.9762
264.1429	86.0000
264.1429	87.0238
264.1429	88.0476
264.1429	89.0714
264.1429	90.0953
264.1429	91.1191
264.1429	92.1429
264.1429	93.1667
264.1429	94.1905
264.1429	95.2143
264.1429	96.2381
264.1429	97.2619
264.1429	98.2857
263.1191	98.2857
263.1191	99.3095
262.0953	99.3095
261.0715	99.3095
260.0477	99.3095
259.0239	99.3095
259.0239	100.3334
256.9762	100.3334
255.9524	100.3334
255.9524	101.3572
254.9286	101.3572
254.9286	103.4048
253.9048	103.4048
252.8810	104.4286
251.8572	104.4286
251.8572	105.4524
250.8334	105.4524
250.8334	106.4762
249.8096	106.4762
248.7858	106.4762
248.7858	107.5000
247.7620	107.5000
247.7620	108.5238
246.7381	108.5238
246.7381	109.5476
