400	158
400	160
396	160
396	158
396	156
396	154
396	152
394	152
392	152
390	152
388	152
386	152
384	152
382	152
380	152
378	152
376	152
376	154
374	154
372	154
372	158
370	158
370	160
370	162
370	164
370	166
370	168
370	170
370	172
370	174
372	176
372	178
374	180
374	182
374	184
378	186
378	188
378	190
380	190
380	194
380	196
380	198
384	200
386	202
386	204
386	206
392	210
394	216
398	218
404	224
408	226
410	230
412	232
416	232
416	234
416	236
416	238
416	240
416	242
416	244
416	246
416	248
416	250
416	252
416	254
416	256
416	258
414	258
412	258
410	258
408	258
406	258
406	256
404	256
400	256
396	256
394	254
390	254
386	252
382	252
382	250
380	250
380	248
380	246
378	246
378	242
376	240
374	240
370	238
368	238
364	236
362	234
360	234
360	232
358	232
356	232
356	230
354	230
354	228
352	226
352	224
352	222
348	222
348	220
348	216
346	216
346	212
346	210
346	208
342	208
342	206
340	204
338	202
336	202
336	200
334	198
332	196
330	194
328	194
328	192
326	192
324	192
322	192
320	192
318	192
318	190
316	190
314	190
312	190
310	190
310	188
308	188
306	188
304	188
304	186
302	186
300	186
300	184
296	184
294	184
294	180
292	180
292	178
288	178
288	176
286	176
284	174
282	174
280	172
280	170
278	170
276	168
276	166
274	164
274	162
272	160
268	160
268	158
266	156
264	154
262	152
260	152
260	148
258	148
258	146
256	146
256	144
254	142
254	140
252	140
248	136
248	134
244	134
244	132
242	132
242	130
240	130
240	128
238	128
236	124
234	124
232	124
232	120
230	120
230	118
228	116
228	114
224	114
222	112
220	110
218	108
216	106
212	104
210	104
204	102
200	100
194	98
192	98
188	96
186	96
184	96
184	100
182	102
182	104
182	106
182	108
182	110
182	112
182	114
184	118
186	120
186	124
188	124
188	126
190	130
192	132
196	132
198	134
198	136
198	138
200	140
202	142
204	144
204	146
206	146
206	148
208	150
208	154
208	156
212	156
214	160
214	162
218	162
220	162
222	166
224	168
226	168
228	174
232	174
232	176
232	180
234	180
238	184
242	188
244	190
244	192
244	194
244	196
246	198
246	202
248	204
248	206
250	208
250	210
252	212
252	214
252	216
254	216
256	220
258	220
258	222
258	224
260	226
260	230
262	232
266	236
266	238
270	242
272	244
272	246
274	246
274	248
274	252
274	254
276	258
280	260
280	262
282	264
284	264
284	268
286	268
286	272
290	274
292	276
294	278
296	278
298	280
300	280
300	282
302	282
304	282
306	284
308	284
308	286
308	288
308	290
308	294
308	296
308	298
308	302
308	304
308	306
308	308
308	310
308	312
310	312
312	314
314	316
318	316
320	318
324	320
330	324
336	326
340	328
346	328
346	330
350	332
352	334
352	336
352	340
356	342
358	344
358	348
362	348
364	350
366	350
366	352
368	352
368	354
372	354
372	358
376	358
382	358
384	358
388	358
390	358
390	356
390	354
390	352
390	350
390	348
390	346
390	344
394	344
394	342
396	342
398	342
402	342
404	342
408	344
410	344
414	348
416	348
416	350
420	352
422	354
422	356
422	358
424	360
424	362
424	364
428	366
428	370
432	374
434	376
434	380
436	382
436	386
438	388
440	392
442	394
442	396
442	398
444	400
444	402
444	404
446	410
446	412
448	416
448	418
450	422
452	422
452	424
452	426
452	428
452	430
452	432
452	434
452	438
452	442
450	444
450	448
450	450
450	454
450	456
450	458
450	460
450	462
450	464
450	466
450	468
450	470
450	474
450	480
450	482
450	486
450	490
450	492
452	496
452	500
454	504
454	506
456	506
456	508
456	510
456	512
456	514
456	516
456	518
456	524
456	526
456	530
456	532
456	536
454	536
452	536
448	534
446	534
444	532
442	534
442	536
442	538
442	540
442	542
442	544
442	546
442	548
442	550
442	552
442	556
444	556
444	560
444	562
448	562
450	566
452	568
456	574
460	576
464	580
466	586
470	586
470	588
470	590
470	592
470	594
470	596
468	596
468	598
466	598
466	600
464	600
462	602
462	604
462	606
458	606
458	608
456	608
454	610
452	610
450	610
448	610
446	610
444	610
442	610
438	610
434	610
432	610
430	610
428	610
426	610
424	610
420	610
418	610
416	610
414	610
412	610
410	610
408	610
404	610
404	612
402	612
402	614
402	616
400	616
400	618
400	620
400	622
400	624
400	626
400	628
400	630
400	632
400	634
400	636
400	638
402	638
404	640
406	640
408	644
410	646
412	646
414	646
416	646
418	646
420	648
422	648
424	648
428	650
430	650
434	652
438	652
440	652
444	652
444	654
446	654
448	654
448	656
450	656
452	656
452	658
452	660
452	664
456	668
456	670
458	672
460	672
460	676
464	678
464	680
466	680
466	682
466	686
468	688
468	692
468	694
470	694
472	696
474	696
474	698
474	702
476	704
480	704
480	708
484	708
484	710
484	712
484	714
484	716
486	716
486	718
486	722
486	726
488	730
488	732
488	734
490	734
490	738
492	738
492	740
492	742
494	744
494	746
494	750
496	750
496	754
498	756
498	758
500	758
500	760
500	762
502	762
502	764
502	766
502	768
504	770
504	774
504	776
504	780
504	782
504	784
504	786
504	788
504	790
504	792
506	796
506	798
506	800
506	802
506	804
506	806
506	808
506	810
506	812
508	812
508	814
508	816
510	816
514	816
516	818
518	818
520	820
522	820
524	820
526	820
528	820
530	820
530	822
532	822
534	822
536	822
538	822
540	824
544	824
544	828
546	828
548	828
548	830
550	830
552	830
554	830
556	830
558	830
560	830
562	828
564	828
564	824
566	824
566	822
566	820
568	818
570	818
570	814
572	814
572	812
572	810
572	808
572	806
570	806
570	802
570	800
570	798
568	798
570	798
574	798
580	798
586	798
590	798
592	798
594	798
596	798
598	798
600	798
604	798
606	798
608	800
610	800
610	802
614	802
614	804
616	806
618	806
618	808
620	808
624	808
626	808
630	808
634	808
636	810
638	810
640	812
642	812
644	814
646	814
648	814
650	814
652	814
654	814
658	814
660	814
664	814
666	818
668	820
672	820
672	822
674	822
674	826
676	826
676	828
678	828
680	828
682	828
684	828
684	830
688	830
692	830
694	832
698	832
700	834
702	834
706	834
708	836
708	838
708	840
708	842
708	844
708	846
708	848
708	850
708	852
708	854
708	856
708	858
710	858
710	860
712	862
714	864
718	864
720	864
722	868
724	868
726	870
726	872
728	872
730	872
732	872
734	872
734	870
734	868
734	866
734	864
734	860
734	858
734	856
734	854
732	852
732	850
732	848
732	846
734	844
734	842
736	842
738	842
740	842
744	842
748	846
752	848
752	850
756	850
758	854
760	854
762	854
764	854
764	858
764	860
766	860
768	860
770	862
772	862
776	862
778	862
782	862
788	862
790	862
794	862
796	862
796	860
796	858
796	856
794	856
794	854
794	852
790	852
790	850
790	848
788	844
784	844
780	842
778	838
774	836
772	836
770	834
770	832
768	832
768	830
764	830
764	828
762	828
760	826
760	824
760	822
760	820
760	818
760	816
760	812
760	810
762	808
764	804
764	802
766	800
766	798
766	796
766	794
766	792
766	790
766	788
766	786
768	786
768	782
768	780
772	780
774	780
776	778
778	778
780	778
782	778
782	774
782	772
782	768
782	766
782	764
784	764
786	764
790	764
792	762
794	762
796	760
798	760
800	758
800	754
800	752
804	750
804	748
806	746
808	746
812	742
814	740
816	738
820	736
822	734
824	732
826	728
828	728
828	724
830	722
830	720
830	718
830	716
830	714
830	712
830	710
830	708
830	706
830	704
828	704
828	702
826	698
824	698
820	694
820	692
820	690
820	688
820	686
820	682
820	680
820	676
820	674
820	670
820	668
820	664
820	662
822	662
824	662
826	662
828	662
830	658
832	658
834	658
836	658
838	658
840	658
842	658
844	658
848	658
854	662
858	662
860	662
862	662
864	662
866	662
868	662
870	662
874	662
876	662
878	666
884	666
886	668
890	670
894	672
896	674
900	674
900	676
902	678
902	680
906	680
908	680
908	684
910	684
910	686
914	686
916	686
916	688
916	690
920	690
920	692
922	692
922	694
924	694
924	696
926	698
928	700
930	700
930	704
930	706
934	706
934	710
936	710
938	712
942	712
942	714
944	714
942	714
940	714
936	716
934	716
930	716
928	718
926	718
926	720
926	722
926	724
926	726
928	728
928	732
932	732
932	734
934	734
938	734
940	736
944	736
946	738
950	738
952	738
954	740
958	740
960	740
964	740
968	740
968	744
972	744
974	744
976	744
980	746
982	746
986	746
986	748
990	748
992	750
994	750
998	750
1000	750
1002	750
1006	754
1008	754
1008	756
1010	756
1012	756
1014	758
1016	760
1018	760
1018	764
1018	766
1020	766
1022	766
1024	766
1024	770
1026	770
1028	770
1030	770
1032	774
1034	774
1038	776
1040	778
1042	778
1044	782
1048	782
1050	782
1052	784
1054	788
1056	788
1060	788
1062	788
1064	790
1066	790
1068	790
1070	790
1070	794
1072	794
1074	794
1074	792
1074	790
1072	788
1070	786
1068	784
1066	782
1064	780
1064	778
1060	778
1060	776
1058	776
1056	774
1054	774
1052	772
1052	770
1050	768
1050	766
1048	764
1046	762
1046	760
1046	758
1044	756
1044	754
1042	752
1040	750
1038	748
1036	746
1034	744
1030	742
1028	740
1026	738
1024	738
1020	738
1020	736
1020	732
1018	730
1014	728
1014	726
1010	724
1010	722
1010	718
1008	718
1008	716
1008	714
1008	712
1008	710
1008	708
1008	706
1008	704
1008	702
1008	700
1010	700
1010	698
1012	698
1014	696
1016	696
1018	694
1020	694
1022	694
1022	690
1022	688
1024	688
1028	688
1032	688
1034	688
1034	684
1036	684
1036	682
1038	682
1038	680
1042	680
1044	680
1044	676
1046	674
1046	672
1046	670
1046	668
1046	666
1046	664
1046	662
1046	660
1046	656
1042	656
1042	654
1040	654
1040	652
1036	652
1034	652
1032	652
1032	650
1030	650
1026	650
1024	650
1022	650
1020	650
1018	648
1016	648
1014	648
1012	648
1010	648
1008	648
1006	648
1004	648
1002	650
1000	650
998	652
996	652
996	654
994	654
992	654
992	656
990	656
988	656
988	658
986	658
984	658
982	658
982	660
978	660
978	662
974	662
972	666
972	668
972	670
970	672
970	674
970	676
966	676
964	676
962	676
956	676
954	676
950	674
948	674
946	672
944	672
940	672
940	670
938	670
936	670
934	670
934	666
932	666
930	666
930	664
928	664
926	660
924	660
920	658
920	656
920	654
916	654
916	652
912	652
910	650
908	648
906	648
906	644
904	644
902	644
900	642
898	642
896	640
894	640
888	638
882	636
876	634
874	630
870	630
870	628
868	628
868	626
866	626
866	622
866	620
864	620
864	618
862	616
860	614
858	612
854	610
850	604
848	602
844	602
842	602
840	600
838	600
838	596
836	596
834	594
832	592
828	590
826	586
824	586
822	586
820	582
818	582
816	580
814	580
814	578
812	578
810	578
808	574
806	572
802	572
802	570
800	568
800	566
800	564
800	562
800	560
800	558
800	556
798	554
798	552
798	550
798	548
798	546
796	544
796	542
796	540
796	536
794	536
794	534
794	532
794	530
794	528
794	526
794	524
794	522
798	522
798	520
798	518
800	518
800	514
800	512
802	512
802	510
802	508
802	506
802	504
804	502
804	500
804	498
804	496
804	492
804	488
802	486
800	486
800	484
796	480
794	480
794	478
792	478
790	478
788	476
786	476
784	476
782	476
780	476
778	476
776	476
774	476
772	476
770	476
768	476
766	476
764	476
762	476
760	476
758	476
756	476
754	476
754	474
752	474
752	472
752	470
752	468
752	466
752	464
750	462
750	460
750	458
750	456
746	456
746	454
746	452
742	452
742	450
738	450
736	450
734	450
732	450
730	450
730	454
728	454
726	454
724	454
722	454
720	454
718	454
716	454
714	454
712	454
710	454
708	454
706	454
704	454
704	450
702	450
700	450
700	448
698	448
696	448
694	448
694	446
692	446
690	446
688	444
686	444
682	440
678	438
676	438
672	434
670	434
668	432
666	432
666	430
664	430
662	428
660	428
660	426
658	426
656	426
654	426
652	426
652	422
650	422
648	422
648	420
646	420
646	418
646	416
646	414
646	412
646	410
646	408
646	406
646	404
646	402
646	400
646	398
646	396
646	394
642	394
640	392
638	392
638	388
636	388
636	386
634	386
632	386
630	386
628	386
626	386
624	386
622	386
622	388
618	390
616	392
614	394
612	396
612	398
610	398
610	400
610	402
610	404
610	406
610	408
608	408
606	408
604	408
600	408
598	406
594	406
594	404
592	404
590	402
588	402
588	400
584	400
584	398
582	396
580	396
580	394
576	394
574	394
572	394
572	392
570	392
568	392
568	390
568	388
566	388
566	386
562	384
560	382
560	378
556	374
554	372
552	372
550	372
548	372
546	372
546	368
544	368
542	368
540	368
538	368
536	368
534	366
530	366
530	362
528	360
524	360
522	360
520	360
518	360
516	360
514	360
512	360
510	360
508	360
506	360
506	362
504	362
502	362
500	364
498	364
498	366
496	366
494	366
492	366
492	364
490	364
488	364
488	362
486	360
486	358
484	356
484	352
482	352
482	348
482	346
482	344
480	342
480	340
480	338
480	334
480	332
480	330
480	328
480	326
480	324
480	320
480	316
480	314
480	310
480	308
480	304
480	302
480	298
480	296
480	294
480	292
480	290
480	288
480	286
480	284
480	282
480	280
478	280
478	278
478	276
476	274
476	272
476	270
472	270
472	268
470	266
470	264
466	264
466	262
464	262
464	260
460	260
460	258
458	258
456	258
456	256
454	256
452	252
450	252
448	252
448	248
446	246
446	244
444	242
444	240
444	238
444	236
444	234
444	232
444	230
444	228
444	226
444	224
444	222
442	222
442	218
442	216
442	214
442	210
442	208
442	204
442	202
442	200
442	198
442	196
440	194
440	192
438	190
438	188
434	188
434	186
432	184
430	182
428	180
424	180
424	178
422	178
422	176
418	176
418	174
416	174
416	172
414	172
414	170
414	168
412	168
412	166
410	164
410	162
408	162
408	160
406	160
404	160
