77.8095	86.0000
77.8095	87.0238
78.8333	88.0476
78.8333	89.0714
79.8572	90.0953
79.8572	91.1191
79.8572	92.1429
81.9048	93.1667
82.9286	94.1905
82.9286	96.2381
83.9524	96.2381
83.9524	98.2857
86.0000	99.3095
87.0238	100.3334
88.0476	101.3572
90.0953	102.3810
91.1191	102.3810
92.1429	102.3810
93.1667	102.3810
93.1667	104.4286
94.1905	104.4286
95.2143	104.4286
95.2143	105.4524
96.2381	105.4524
97.2619	105.4524
98.2857	106.4762
99.3095	106.4762
100.3334	106.4762
101.3572	107.5000
103.4048	107.5000
104.4286	107.5000
104.4286	109.5476
105.4524	109.5476
106.4762	110.5714
107.5000	110.5714
107.5000	111.5953
107.5000	112.6191
108.5238	112.6191
108.5238	113.6429
108.5238	114.6667
108.5238	115.6905
108.5238	116.7143
108.5238	117.7381
109.5476	117.7381
109.5476	118.7619
109.5476	119.7857
110.5714	119.7857
112.6191	121.8334
112.6191	122.8572
112.6191	123.8810
114.6667	124.9048
115.6905	124.9048
116.7143	125.9286
118.7619	125.9286
119.7857	125.9286
120.8095	126.9524
122.8572	126.9524
124.9048	129.0000
127.9762	130.0238
129.0000	130.0238
130.0238	130.0238
131.0476	131.0476
132.0715	131.0476
133.0953	132.0715
135.1429	133.0953
135.1429	134.1191
137.1905	134.1191
139.2381	136.1667
140.2619	136.1667
142.3096	136.1667
143.3334	138.2143
144.3572	138.2143
145.3810	139.2381
146.4048	139.2381
146.4048	140.2619
147.4286	140.2619
147.4286	141.2857
148.4524	142.3096
148.4524	143.3334
148.4524	144.3572
150.5000	145.3810
151.5238	146.4048
152.5476	147.4286
153.5715	148.4524
154.5953	148.4524
155.6191	149.4762
157.6667	150.5000
157.6667	151.5238
158.6905	152.5476
158.6905	153.5715
160.7381	154.5953
160.7381	155.6191
160.7381	157.6667
160.7381	158.6905
160.7381	160.7381
160.7381	161.7619
160.7381	163.8096
162.7857	165.8572
163.8096	166.8810
163.8096	168.9286
163.8096	169.9524
164.8334	169.9524
166.8810	172.0000
166.8810	173.0238
166.8810	174.0477
167.9048	174.0477
167.9048	176.0953
168.9286	176.0953
168.9286	177.1191
169.9524	177.1191
170.9762	178.1429
170.9762	179.1667
170.9762	180.1905
170.9762	181.2143
172.0000	183.2619
174.0477	184.2857
174.0477	186.3334
176.0953	187.3572
177.1191	189.4048
178.1429	189.4048
179.1667	191.4524
179.1667	192.4762
180.1905	192.4762
182.2381	194.5238
182.2381	196.5715
182.2381	198.6191
183.2619	199.6429
185.3096	201.6905
186.3334	203.7381
186.3334	204.7619
188.3810	206.8096
188.3810	207.8334
188.3810	208.8572
190.4286	209.8810
190.4286	210.9048
190.4286	211.9286
191.4524	213.9762
191.4524	215.0000
191.4524	217.0477
192.4762	218.0715
192.4762	220.1191
192.4762	221.1429
192.4762	223.1905
192.4762	224.2143
192.4762	226.2619
192.4762	227.2858
192.4762	228.3096
192.4762	229.3334
192.4762	230.3572
192.4762	231.3810
192.4762	232.4048
192.4762	233.4286
191.4524	233.4286
190.4286	233.4286
189.4048	233.4286
188.3810	233.4286
185.3096	233.4286
181.2143	233.4286
174.0477	233.4286
170.9762	233.4286
167.9048	233.4286
165.8572	232.4048
163.8096	232.4048
162.7857	232.4048
161.7619	232.4048
160.7381	231.3810
160.7381	229.3334
158.6905	229.3334
157.6667	227.2858
155.6191	226.2619
154.5953	226.2619
152.5476	226.2619
151.5238	226.2619
151.5238	227.2858
151.5238	228.3096
152.5476	230.3572
153.5715	231.3810
155.6191	233.4286
156.6429	234.4524
157.6667	236.5000
159.7143	236.5000
160.7381	238.5477
162.7857	239.5715
163.8096	240.5953
165.8572	242.6429
165.8572	244.6905
166.8810	244.6905
167.9048	244.6905
167.9048	245.7143
168.9286	245.7143
169.9524	247.7620
170.9762	247.7620
172.0000	247.7620
172.0000	248.7858
173.0238	248.7858
174.0477	249.8096
174.0477	250.8334
176.0953	250.8334
177.1191	251.8572
178.1429	252.8810
179.1667	253.9048
181.2143	254.9286
182.2381	256.9762
184.2857	256.9762
185.3096	256.9762
185.3096	258.0000
185.3096	259.0239
185.3096	260.0477
186.3334	262.0953
186.3334	264.1429
186.3334	265.1667
187.3572	268.2381
187.3572	269.2620
188.3810	271.3096
189.4048	273.3572
190.4286	275.4048
190.4286	277.4524
191.4524	279.5001
191.4524	280.5239
193.5000	280.5239
194.5238	281.5477
194.5238	282.5715
194.5238	283.5953
194.5238	285.6429
195.5477	285.6429
195.5477	287.6905
195.5477	288.7143
195.5477	289.7382
195.5477	291.7858
196.5715	292.8096
196.5715	293.8334
198.6191	293.8334
199.6429	294.8572
200.6667	295.8810
201.6905	296.9048
203.7381	297.9286
204.7619	298.9524
205.7858	299.9762
206.8096	299.9762
206.8096	301.0001
207.8334	301.0001
208.8572	302.0239
211.9286	303.0477
215.0000	306.1191
218.0715	309.1905
221.1429	310.2143
223.1905	312.2620
226.2619	312.2620
227.2858	314.3096
229.3334	314.3096
230.3572	314.3096
230.3572	315.3334
232.4048	315.3334
233.4286	315.3334
233.4286	316.3572
235.4762	318.4048
236.5000	318.4048
238.5477	320.4524
239.5715	322.5001
242.6429	323.5239
244.6905	326.5953
247.7620	327.6191
250.8334	329.6667
253.9048	330.6905
256.9762	330.6905
259.0239	332.7382
260.0477	332.7382
262.0953	332.7382
263.1191	332.7382
264.1429	333.7620
264.1429	334.7858
264.1429	335.8096
264.1429	336.8334
264.1429	338.8810
264.1429	340.9286
264.1429	341.9524
264.1429	342.9763
264.1429	344.0001
264.1429	345.0239
263.1191	345.0239
263.1191	347.0715
262.0953	347.0715
262.0953	348.0953
261.0715	348.0953
261.0715	349.1191
260.0477	349.1191
259.0239	349.1191
258.0000	349.1191
258.0000	348.0953
256.9762	347.0715
256.9762	346.0477
256.9762	345.0239
255.9524	345.0239
255.9524	344.0001
254.9286	344.0001
254.9286	342.9763
253.9048	342.9763
253.9048	341.9524
252.8810	341.9524
252.8810	340.9286
250.8334	340.9286
249.8096	340.9286
248.7858	339.9048
247.7620	338.8810
246.7381	337.8572
244.6905	336.8334
243.6667	334.7858
241.6191	334.7858
240.5953	334.7858
239.5715	334.7858
238.5477	334.7858
237.5239	334.7858
236.5000	333.7620
235.4762	333.7620
235.4762	332.7382
233.4286	332.7382
232.4048	331.7143
231.3810	330.6905
229.3334	329.6667
228.3096	328.6429
226.2619	327.6191
224.2143	327.6191
222.1667	326.5953
220.1191	326.5953
219.0953	325.5715
218.0715	325.5715
216.0239	325.5715
215.0000	325.5715
213.9762	325.5715
211.9286	324.5477
210.9048	324.5477
208.8572	324.5477
207.8334	324.5477
205.7858	323.5239
204.7619	323.5239
203.7381	323.5239
202.7143	323.5239
201.6905	323.5239
200.6667	323.5239
200.6667	322.5001
199.6429	320.4524
198.6191	319.4286
197.5953	317.3810
197.5953	316.3572
196.5715	315.3334
196.5715	314.3096
195.5477	314.3096
195.5477	313.2858
194.5238	313.2858
193.5000	313.2858
192.4762	313.2858
191.4524	313.2858
189.4048	313.2858
186.3334	311.2382
185.3096	310.2143
183.2619	309.1905
182.2381	307.1429
180.1905	306.1191
178.1429	304.0715
178.1429	303.0477
177.1191	302.0239
177.1191	301.0001
176.0953	299.9762
175.0715	298.9524
175.0715	297.9286
174.0477	295.8810
174.0477	294.8572
172.0000	292.8096
168.9286	289.7382
165.8572	286.6667
162.7857	285.6429
159.7143	283.5953
158.6905	281.5477
156.6429	281.5477
155.6191	279.5001
154.5953	279.5001
153.5715	279.5001
152.5476	279.5001
151.5238	278.4762
150.5000	278.4762
148.4524	278.4762
145.3810	278.4762
143.3334	277.4524
142.3096	277.4524
140.2619	276.4286
137.1905	276.4286
134.1191	276.4286
133.0953	276.4286
131.0476	276.4286
129.0000	276.4286
126.9524	276.4286
125.9286	276.4286
122.8572	276.4286
121.8334	276.4286
119.7857	276.4286
117.7381	276.4286
116.7143	276.4286
114.6667	277.4524
113.6429	277.4524
112.6191	277.4524
110.5714	277.4524
108.5238	277.4524
106.4762	277.4524
105.4524	277.4524
104.4286	277.4524
103.4048	277.4524
103.4048	278.4762
102.3810	279.5001
102.3810	280.5239
102.3810	281.5477
103.4048	281.5477
103.4048	283.5953
104.4286	283.5953
106.4762	283.5953
108.5238	283.5953
109.5476	285.6429
112.6191	285.6429
113.6429	286.6667
115.6905	287.6905
118.7619	287.6905
119.7857	288.7143
122.8572	289.7382
124.9048	290.7620
125.9286	291.7858
127.9762	291.7858
129.0000	293.8334
131.0476	294.8572
133.0953	294.8572
135.1429	294.8572
136.1667	295.8810
137.1905	295.8810
138.2143	295.8810
139.2381	295.8810
140.2619	296.9048
142.3096	296.9048
142.3096	297.9286
144.3572	297.9286
145.3810	298.9524
147.4286	298.9524
148.4524	299.9762
149.4762	301.0001
150.5000	301.0001
150.5000	302.0239
152.5476	303.0477
153.5715	304.0715
155.6191	305.0953
156.6429	305.0953
158.6905	306.1191
161.7619	308.1667
162.7857	309.1905
164.8334	310.2143
165.8572	311.2382
166.8810	311.2382
167.9048	312.2620
167.9048	313.2858
168.9286	313.2858
168.9286	314.3096
168.9286	316.3572
169.9524	316.3572
170.9762	318.4048
172.0000	319.4286
174.0477	320.4524
174.0477	321.4763
175.0715	322.5001
176.0953	323.5239
177.1191	323.5239
177.1191	324.5477
179.1667	325.5715
179.1667	327.6191
181.2143	328.6429
182.2381	329.6667
183.2619	330.6905
185.3096	332.7382
186.3334	333.7620
189.4048	334.7858
191.4524	336.8334
194.5238	337.8572
197.5953	339.9048
198.6191	340.9286
200.6667	341.9524
202.7143	342.9763
203.7381	342.9763
205.7858	345.0239
206.8096	345.0239
208.8572	345.0239
209.8810	346.0477
210.9048	346.0477
210.9048	347.0715
212.9524	349.1191
215.0000	349.1191
216.0239	351.1667
218.0715	351.1667
221.1429	353.2144
224.2143	354.2382
227.2858	355.2620
229.3334	356.2858
231.3810	356.2858
232.4048	357.3096
234.4524	357.3096
235.4762	357.3096
236.5000	357.3096
236.5000	358.3334
237.5239	358.3334
238.5477	359.3572
239.5715	359.3572
240.5953	360.3810
241.6191	360.3810
241.6191	362.4286
242.6429	362.4286
243.6667	363.4525
244.6905	363.4525
245.7143	363.4525
246.7381	363.4525
248.7858	363.4525
249.8096	363.4525
250.8334	364.4763
252.8810	364.4763
253.9048	364.4763
255.9524	364.4763
256.9762	364.4763
258.0000	364.4763
259.0239	366.5239
260.0477	366.5239
261.0715	367.5477
261.0715	368.5715
261.0715	369.5953
261.0715	370.6191
261.0715	371.6429
261.0715	372.6667
261.0715	371.6429
261.0715	372.6667
261.0715	373.6905
261.0715	374.7144
261.0715	375.7382
261.0715	377.7858
261.0715	378.8096
261.0715	379.8334
261.0715	380.8572
263.1191	380.8572
263.1191	381.8810
264.1429	381.8810
266.1905	383.9286
267.2143	384.9525
267.2143	387.0001
270.2858	389.0477
273.3572	391.0953
274.3810	393.1429
275.4048	394.1667
276.4286	395.1906
277.4524	395.1906
277.4524	396.2144
277.4524	397.2382
279.5001	397.2382
279.5001	399.2858
279.5001	400.3096
280.5239	402.3572
281.5477	403.3810
283.5953	405.4286
284.6191	406.4525
285.6429	408.5001
287.6905	408.5001
288.7143	408.5001
288.7143	406.4525
288.7143	404.4048
288.7143	402.3572
288.7143	399.2858
288.7143	398.2620
288.7143	396.2144
288.7143	395.1906
288.7143	393.1429
288.7143	392.1191
288.7143	390.0715
288.7143	388.0239
288.7143	387.0001
290.7620	384.9525
291.7858	382.9048
291.7858	380.8572
291.7858	379.8334
292.8096	378.8096
292.8096	377.7858
293.8334	376.7620
294.8572	375.7382
296.9048	375.7382
297.9286	374.7144
299.9762	374.7144
301.0001	374.7144
302.0239	374.7144
304.0715	376.7620
305.0953	377.7858
305.0953	378.8096
306.1191	378.8096
306.1191	380.8572
307.1429	380.8572
308.1667	380.8572
309.1905	382.9048
310.2143	382.9048
312.2620	383.9286
313.2858	385.9763
316.3572	387.0001
317.3810	388.0239
319.4286	390.0715
320.4524	391.0953
320.4524	393.1429
321.4763	393.1429
322.5001	393.1429
322.5001	394.1667
322.5001	395.1906
323.5239	396.2144
323.5239	398.2620
324.5477	399.2858
324.5477	400.3096
324.5477	401.3334
324.5477	402.3572
326.5953	403.3810
326.5953	404.4048
327.6191	404.4048
327.6191	405.4286
327.6191	406.4525
327.6191	407.4763
329.6667	407.4763
329.6667	408.5001
329.6667	410.5477
329.6667	411.5715
330.6905	412.5953
330.6905	414.6429
330.6905	415.6667
331.7143	417.7144
333.7620	419.7620
334.7858	421.8096
336.8334	422.8334
338.8810	425.9048
339.9048	425.9048
339.9048	426.9287
339.9048	427.9525
340.9286	428.9763
340.9286	430.0001
340.9286	431.0239
340.9286	434.0953
340.9286	435.1191
340.9286	437.1667
340.9286	439.2144
340.9286	440.2382
340.9286	442.2858
340.9286	443.3096
340.9286	444.3334
341.9524	444.3334
341.9524	446.3810
341.9524	448.4287
341.9524	449.4525
344.0001	450.4763
344.0001	452.5239
345.0239	452.5239
345.0239	454.5715
345.0239	455.5953
347.0715	457.6429
347.0715	458.6668
349.1191	460.7144
350.1429	460.7144
352.1905	462.7620
353.2144	463.7858
356.2858	465.8334
358.3334	466.8572
359.3572	467.8810
361.4048	469.9287
362.4286	469.9287
362.4286	470.9525
363.4525	471.9763
364.4763	471.9763
365.5001	473.0001
366.5239	474.0239
367.5477	475.0477
367.5477	476.0715
368.5715	477.0953
368.5715	479.1429
368.5715	480.1668
368.5715	481.1906
368.5715	482.2144
370.6191	484.2620
371.6429	485.2858
374.7144	487.3334
376.7620	488.3572
378.8096	489.3810
380.8572	489.3810
382.9048	490.4049
383.9286	491.4287
384.9525	492.4525
387.0001	492.4525
387.0001	493.4763
387.0001	494.5001
388.0239	495.5239
388.0239	496.5477
389.0477	496.5477
390.0715	497.5715
392.1191	497.5715
393.1429	499.6191
395.1906	500.6430
397.2382	502.6906
398.2620	503.7144
400.3096	505.7620
402.3572	506.7858
404.4048	508.8334
404.4048	509.8572
406.4525	511.9049
406.4525	512.9287
407.4763	513.9525
407.4763	514.9763
407.4763	517.0239
408.5001	518.0477
408.5001	519.0715
408.5001	520.0953
408.5001	521.1191
409.5239	521.1191
410.5477	521.1191
410.5477	519.0715
411.5715	519.0715
412.5953	518.0477
413.6191	517.0239
413.6191	516.0001
414.6429	514.9763
414.6429	512.9287
414.6429	511.9049
415.6667	509.8572
415.6667	508.8334
415.6667	506.7858
416.6906	505.7620
418.7382	505.7620
419.7620	505.7620
421.8096	505.7620
423.8572	505.7620
425.9048	505.7620
427.9525	505.7620
427.9525	506.7858
430.0001	508.8334
431.0239	508.8334
433.0715	510.8810
433.0715	511.9049
435.1191	512.9287
436.1429	513.9525
436.1429	514.9763
438.1906	516.0001
439.2144	517.0239
441.2620	518.0477
442.2858	519.0715
444.3334	521.1191
446.3810	521.1191
448.4287	521.1191
450.4763	522.1430
453.5477	523.1668
455.5953	524.1906
456.6191	524.1906
458.6668	525.2144
458.6668	526.2382
458.6668	525.2144
458.6668	524.1906
458.6668	522.1430
457.6429	520.0953
454.5715	517.0239
452.5239	514.9763
449.4525	511.9049
445.3572	507.8096
442.2858	505.7620
441.2620	503.7144
439.2144	501.6668
438.1906	500.6430
436.1429	499.6191
436.1429	498.5953
435.1191	497.5715
435.1191	496.5477
435.1191	495.5239
435.1191	493.4763
435.1191	492.4525
435.1191	491.4287
435.1191	490.4049
436.1429	490.4049
436.1429	489.3810
438.1906	489.3810
438.1906	487.3334
439.2144	487.3334
441.2620	485.2858
441.2620	484.2620
442.2858	483.2382
443.3096	481.1906
445.3572	480.1668
445.3572	478.1191
445.3572	476.0715
445.3572	473.0001
445.3572	471.9763
445.3572	469.9287
445.3572	468.9049
445.3572	466.8572
444.3334	466.8572
444.3334	464.8096
442.2858	463.7858
442.2858	461.7382
442.2858	460.7144
440.2382	459.6906
439.2144	458.6668
437.1667	457.6429
434.0953	455.5953
433.0715	455.5953
431.0239	455.5953
430.0001	453.5477
427.9525	453.5477
427.9525	452.5239
427.9525	451.5001
426.9287	451.5001
424.8810	449.4525
424.8810	448.4287
423.8572	447.4048
423.8572	446.3810
423.8572	444.3334
423.8572	443.3096
423.8572	441.2620
423.8572	439.2144
423.8572	438.1906
423.8572	436.1429
423.8572	435.1191
423.8572	434.0953
423.8572	433.0715
423.8572	432.0477
425.9048	431.0239
426.9287	431.0239
430.0001	430.0001
431.0239	430.0001
434.0953	430.0001
435.1191	430.0001
438.1906	430.0001
441.2620	432.0477
444.3334	433.0715
446.3810	433.0715
447.4048	434.0953
448.4287	434.0953
450.4763	436.1429
451.5001	436.1429
452.5239	437.1667
454.5715	438.1906
456.6191	440.2382
458.6668	441.2620
460.7144	443.3096
461.7382	444.3334
463.7858	446.3810
464.8096	447.4048
466.8572	449.4525
468.9049	451.5001
470.9525	453.5477
470.9525	454.5715
470.9525	455.5953
471.9763	458.6668
473.0001	459.6906
474.0239	461.7382
474.0239	463.7858
475.0477	464.8096
476.0715	467.8810
477.0953	469.9287
479.1429	473.0001
480.1668	474.0239
480.1668	476.0715
482.2144	477.0953
482.2144	479.1429
483.2382	480.1668
486.3096	482.2144
489.3810	484.2620
491.4287	486.3096
496.5477	489.3810
499.6191	491.4287
502.6906	494.5001
504.7382	494.5001
507.8096	496.5477
508.8334	496.5477
509.8572	498.5953
510.8810	499.6191
511.9049	499.6191
511.9049	501.6668
511.9049	502.6906
512.9287	502.6906
512.9287	503.7144
512.9287	504.7382
513.9525	504.7382
513.9525	503.7144
507.8096	497.5715
503.7144	492.4525
500.6430	487.3334
497.5715	483.2382
496.5477	480.1668
494.5001	477.0953
493.4763	474.0239
493.4763	471.9763
492.4525	469.9287
492.4525	468.9049
492.4525	466.8572
492.4525	465.8334
492.4525	464.8096
492.4525	463.7858
492.4525	462.7620
492.4525	461.7382
493.4763	461.7382
493.4763	460.7144
493.4763	459.6906
494.5001	459.6906
494.5001	457.6429
494.5001	456.6191
494.5001	455.5953
495.5239	454.5715
495.5239	453.5477
495.5239	452.5239
496.5477	451.5001
496.5477	450.4763
496.5477	449.4525
496.5477	447.4048
497.5715	446.3810
497.5715	444.3334
497.5715	442.2858
497.5715	441.2620
499.6191	441.2620
500.6430	440.2382
501.6668	440.2382
502.6906	439.2144
504.7382	439.2144
505.7620	438.1906
508.8334	437.1667
510.8810	436.1429
512.9287	436.1429
514.9763	436.1429
518.0477	436.1429
520.0953	436.1429
522.1430	436.1429
523.1668	436.1429
524.1906	436.1429
525.2144	436.1429
527.2620	436.1429
528.2858	436.1429
530.3334	436.1429
533.4049	437.1667
536.4763	440.2382
541.5953	443.3096
545.6906	446.3810
547.7382	448.4287
549.7858	449.4525
549.7858	450.4763
550.8096	451.5001
550.8096	452.5239
550.8096	454.5715
550.8096	455.5953
550.8096	458.6668
549.7858	459.6906
547.7382	462.7620
547.7382	464.8096
545.6906	465.8334
544.6668	467.8810
543.6430	468.9049
542.6192	470.9525
541.5953	473.0001
540.5715	475.0477
540.5715	476.0715
539.5477	478.1191
539.5477	479.1429
539.5477	480.1668
539.5477	482.2144
539.5477	483.2382
539.5477	485.2858
539.5477	486.3096
539.5477	487.3334
539.5477	488.3572
539.5477	489.3810
539.5477	491.4287
540.5715	491.4287
541.5953	491.4287
542.6192	489.3810
545.6906	487.3334
546.7144	485.2858
548.7620	483.2382
550.8096	482.2144
551.8334	480.1668
553.8811	479.1429
554.9049	477.0953
556.9525	476.0715
559.0001	475.0477
560.0239	475.0477
561.0477	475.0477
562.0715	475.0477
563.0953	475.0477
564.1192	475.0477
565.1430	475.0477
566.1668	475.0477
566.1668	476.0715
567.1906	476.0715
568.2144	476.0715
570.2620	476.0715
573.3334	476.0715
575.3811	476.0715
578.4525	478.1191
581.5239	478.1191
584.5953	478.1191
585.6192	478.1191
588.6906	479.1429
590.7382	479.1429
591.7620	479.1429
592.7858	480.1668
592.7858	481.1906
594.8334	481.1906
595.8573	482.2144
595.8573	484.2620
597.9049	484.2620
598.9287	484.2620
602.0001	486.3096
604.0477	487.3334
607.1192	488.3572
610.1906	490.4049
612.2382	490.4049
613.2620	490.4049
615.3096	491.4287
616.3335	492.4525
617.3573	493.4763
617.3573	495.5239
617.3573	498.5953
618.3811	501.6668
618.3811	504.7382
619.4049	506.7858
619.4049	507.8096
619.4049	508.8334
620.4287	508.8334
621.4525	509.8572
622.4763	509.8572
623.5001	509.8572
624.5239	509.8572
625.5477	509.8572
626.5715	509.8572
626.5715	508.8334
627.5954	507.8096
627.5954	506.7858
627.5954	505.7620
627.5954	502.6906
627.5954	501.6668
628.6192	499.6191
628.6192	497.5715
628.6192	495.5239
626.5715	492.4525
625.5477	490.4049
624.5239	488.3572
624.5239	487.3334
622.4763	485.2858
621.4525	484.2620
621.4525	482.2144
621.4525	481.1906
621.4525	480.1668
621.4525	478.1191
621.4525	477.0953
621.4525	475.0477
621.4525	474.0239
621.4525	473.0001
620.4287	470.9525
620.4287	469.9287
620.4287	468.9049
619.4049	467.8810
619.4049	466.8572
618.3811	465.8334
618.3811	463.7858
618.3811	461.7382
617.3573	460.7144
615.3096	460.7144
615.3096	459.6906
613.2620	459.6906
612.2382	457.6429
611.2144	457.6429
609.1668	455.5953
609.1668	454.5715
607.1192	454.5715
607.1192	452.5239
605.0715	452.5239
604.0477	452.5239
602.0001	452.5239
600.9763	452.5239
598.9287	452.5239
596.8811	451.5001
593.8096	449.4525
591.7620	449.4525
590.7382	447.4048
588.6906	446.3810
586.6430	445.3572
583.5715	443.3096
580.5001	441.2620
577.4287	440.2382
574.3573	438.1906
571.2858	438.1906
569.2382	437.1667
568.2144	437.1667
566.1668	436.1429
565.1430	436.1429
563.0953	436.1429
561.0477	435.1191
560.0239	435.1191
556.9525	435.1191
553.8811	433.0715
550.8096	433.0715
548.7620	432.0477
545.6906	432.0477
544.6668	431.0239
544.6668	428.9763
542.6192	428.9763
542.6192	426.9287
542.6192	425.9048
541.5953	424.8810
541.5953	423.8572
541.5953	422.8334
541.5953	419.7620
542.6192	416.6906
544.6668	414.6429
546.7144	411.5715
546.7144	406.4525
547.7382	402.3572
547.7382	401.3334
547.7382	399.2858
547.7382	397.2382
547.7382	396.2144
547.7382	395.1906
547.7382	394.1667
546.7144	393.1429
546.7144	392.1191
546.7144	390.0715
546.7144	389.0477
546.7144	387.0001
545.6906	385.9763
545.6906	382.9048
545.6906	380.8572
545.6906	379.8334
545.6906	377.7858
545.6906	376.7620
544.6668	374.7144
544.6668	373.6905
543.6430	372.6667
543.6430	371.6429
543.6430	370.6191
543.6430	369.5953
543.6430	368.5715
543.6430	366.5239
544.6668	365.5001
544.6668	363.4525
544.6668	361.4048
544.6668	360.3810
545.6906	360.3810
545.6906	358.3334
546.7144	357.3096
546.7144	356.2858
548.7620	356.2858
550.8096	357.3096
553.8811	358.3334
555.9287	360.3810
561.0477	361.4048
563.0953	363.4525
564.1192	363.4525
565.1430	364.4763
567.1906	364.4763
568.2144	365.5001
568.2144	366.5239
570.2620	366.5239
570.2620	367.5477
572.3096	367.5477
573.3334	367.5477
575.3811	368.5715
576.4049	368.5715
577.4287	368.5715
576.4049	366.5239
573.3334	362.4286
569.2382	356.2858
564.1192	352.1905
561.0477	349.1191
559.0001	348.0953
557.9763	346.0477
555.9287	345.0239
555.9287	344.0001
554.9049	344.0001
554.9049	342.9763
552.8572	342.9763
551.8334	342.9763
551.8334	341.9524
551.8334	340.9286
549.7858	338.8810
549.7858	337.8572
548.7620	337.8572
548.7620	335.8096
548.7620	334.7858
547.7382	332.7382
546.7144	331.7143
546.7144	330.6905
546.7144	329.6667
546.7144	328.6429
546.7144	326.5953
546.7144	325.5715
546.7144	324.5477
546.7144	322.5001
546.7144	320.4524
547.7382	320.4524
549.7858	320.4524
550.8096	321.4763
552.8572	321.4763
553.8811	321.4763
554.9049	321.4763
555.9287	322.5001
557.9763	322.5001
559.0001	324.5477
561.0477	325.5715
562.0715	325.5715
565.1430	328.6429
568.2144	329.6667
569.2382	330.6905
572.3096	332.7382
573.3334	335.8096
575.3811	336.8334
576.4049	336.8334
577.4287	337.8572
578.4525	338.8810
579.4763	338.8810
580.5001	339.9048
580.5001	340.9286
582.5477	340.9286
583.5715	340.9286
584.5953	340.9286
584.5953	342.9763
584.5953	344.0001
585.6192	344.0001
586.6430	344.0001
587.6668	345.0239
588.6906	347.0715
591.7620	349.1191
594.8334	352.1905
597.9049	354.2382
600.9763	355.2620
603.0239	357.3096
605.0715	358.3334
606.0954	358.3334
607.1192	360.3810
608.1430	360.3810
608.1430	361.4048
610.1906	362.4286
610.1906	363.4525
611.2144	364.4763
613.2620	366.5239
614.2858	367.5477
615.3096	369.5953
616.3335	370.6191
618.3811	371.6429
619.4049	372.6667
621.4525	373.6905
622.4763	374.7144
624.5239	375.7382
625.5477	376.7620
627.5954	378.8096
628.6192	379.8334
631.6906	381.8810
634.7620	384.9525
635.7858	385.9763
638.8573	388.0239
641.9287	389.0477
645.0001	389.0477
647.0477	391.0953
648.0716	391.0953
648.0716	392.1191
649.0954	392.1191
649.0954	393.1429
650.1192	394.1667
651.1430	395.1906
651.1430	396.2144
652.1668	396.2144
652.1668	397.2382
653.1906	397.2382
653.1906	399.2858
654.2144	399.2858
655.2382	399.2858
656.2620	399.2858
658.3096	400.3096
659.3335	400.3096
661.3811	400.3096
662.4049	400.3096
662.4049	399.2858
662.4049	398.2620
662.4049	396.2144
662.4049	393.1429
662.4049	392.1191
661.3811	391.0953
661.3811	389.0477
661.3811	388.0239
661.3811	387.0001
661.3811	384.9525
661.3811	383.9286
662.4049	383.9286
663.4287	383.9286
665.4763	383.9286
667.5239	383.9286
670.5954	383.9286
672.6430	383.9286
673.6668	383.9286
675.7144	383.9286
676.7382	383.9286
678.7858	383.9286
679.8097	383.9286
680.8335	383.9286
681.8573	383.9286
682.8811	383.9286
683.9049	383.9286
684.9287	383.9286
684.9287	382.9048
685.9525	382.9048
685.9525	381.8810
685.9525	380.8572
685.9525	378.8096
684.9287	377.7858
682.8811	375.7382
681.8573	373.6905
681.8573	372.6667
679.8097	370.6191
677.7620	369.5953
676.7382	367.5477
674.6906	365.5001
673.6668	364.4763
671.6192	363.4525
670.5954	361.4048
670.5954	359.3572
668.5477	358.3334
667.5239	356.2858
664.4525	353.2144
661.3811	349.1191
659.3335	347.0715
659.3335	346.0477
659.3335	345.0239
658.3096	345.0239
658.3096	342.9763
658.3096	341.9524
658.3096	340.9286
657.2858	339.9048
657.2858	338.8810
656.2620	337.8572
656.2620	336.8334
655.2382	336.8334
654.2144	335.8096
653.1906	334.7858
653.1906	333.7620
651.1430	333.7620
650.1192	332.7382
649.0954	331.7143
648.0716	330.6905
647.0477	329.6667
645.0001	327.6191
643.9763	326.5953
640.9049	325.5715
639.8811	324.5477
638.8573	324.5477
637.8335	323.5239
635.7858	322.5001
634.7620	321.4763
632.7144	320.4524
631.6906	319.4286
629.6430	319.4286
629.6430	318.4048
627.5954	317.3810
626.5715	316.3572
626.5715	315.3334
624.5239	315.3334
624.5239	313.2858
622.4763	312.2620
621.4525	310.2143
618.3811	309.1905
614.2858	306.1191
609.1668	304.0715
605.0715	301.0001
602.0001	297.9286
600.9763	297.9286
600.9763	296.9048
599.9525	296.9048
599.9525	295.8810
598.9287	295.8810
597.9049	294.8572
595.8573	292.8096
594.8334	291.7858
591.7620	289.7382
589.7144	288.7143
587.6668	285.6429
587.6668	284.6191
586.6430	284.6191
586.6430	283.5953
586.6430	281.5477
585.6192	280.5239
585.6192	279.5001
584.5953	278.4762
584.5953	276.4286
583.5715	276.4286
583.5715	275.4048
583.5715	274.3810
582.5477	273.3572
582.5477	272.3334
582.5477	271.3096
582.5477	270.2858
582.5477	269.2620
581.5239	269.2620
581.5239	268.2381
581.5239	267.2143
580.5001	265.1667
580.5001	264.1429
580.5001	263.1191
580.5001	262.0953
579.4763	262.0953
577.4287	260.0477
574.3573	258.0000
573.3334	255.9524
570.2620	254.9286
570.2620	253.9048
569.2382	253.9048
569.2382	251.8572
568.2144	251.8572
567.1906	251.8572
567.1906	250.8334
566.1668	250.8334
566.1668	248.7858
565.1430	247.7620
564.1192	247.7620
562.0715	247.7620
561.0477	246.7381
559.0001	244.6905
557.9763	244.6905
556.9525	244.6905
554.9049	243.6667
553.8811	241.6191
551.8334	241.6191
550.8096	241.6191
548.7620	240.5953
547.7382	238.5477
544.6668	238.5477
543.6430	238.5477
542.6192	237.5239
541.5953	237.5239
541.5953	236.5000
541.5953	235.4762
541.5953	234.4524
541.5953	233.4286
541.5953	232.4048
541.5953	231.3810
541.5953	229.3334
541.5953	228.3096
541.5953	227.2858
541.5953	226.2619
541.5953	225.2381
541.5953	224.2143
541.5953	223.1905
542.6192	222.1667
542.6192	221.1429
542.6192	220.1191
542.6192	219.0953
542.6192	218.0715
543.6430	218.0715
543.6430	217.0477
543.6430	216.0239
543.6430	215.0000
544.6668	213.9762
544.6668	212.9524
544.6668	211.9286
545.6906	210.9048
545.6906	209.8810
545.6906	208.8572
545.6906	207.8334
545.6906	206.8096
545.6906	204.7619
545.6906	203.7381
545.6906	202.7143
545.6906	201.6905
545.6906	200.6667
546.7144	199.6429
546.7144	198.6191
546.7144	197.5953
546.7144	196.5715
546.7144	194.5238
546.7144	193.5000
546.7144	191.4524
546.7144	190.4286
546.7144	189.4048
546.7144	188.3810
546.7144	186.3334
548.7620	185.3096
548.7620	183.2619
548.7620	182.2381
548.7620	180.1905
549.7858	180.1905
549.7858	179.1667
549.7858	177.1191
550.8096	177.1191
550.8096	175.0715
551.8334	173.0238
552.8572	170.9762
553.8811	169.9524
553.8811	167.9048
554.9049	166.8810
554.9049	164.8334
554.9049	163.8096
555.9287	162.7857
555.9287	161.7619
555.9287	159.7143
556.9525	158.6905
556.9525	157.6667
557.9763	156.6429
557.9763	155.6191
560.0239	153.5715
560.0239	151.5238
561.0477	150.5000
563.0953	149.4762
563.0953	148.4524
563.0953	147.4286
564.1192	146.4048
566.1668	144.3572
566.1668	143.3334
567.1906	142.3096
567.1906	140.2619
568.2144	139.2381
569.2382	136.1667
570.2620	136.1667
572.3096	134.1191
572.3096	133.0953
573.3334	133.0953
573.3334	131.0476
574.3573	130.0238
574.3573	129.0000
575.3811	126.9524
575.3811	125.9286
575.3811	124.9048
575.3811	123.8810
575.3811	122.8572
575.3811	121.8334
574.3573	121.8334
574.3573	122.8572
572.3096	122.8572
571.2858	123.8810
571.2858	124.9048
570.2620	124.9048
570.2620	126.9524
569.2382	127.9762
567.1906	127.9762
567.1906	129.0000
566.1668	129.0000
566.1668	130.0238
565.1430	131.0476
564.1192	131.0476
564.1192	132.0715
563.0953	133.0953
562.0715	133.0953
562.0715	135.1429
562.0715	137.1905
560.0239	138.2143
560.0239	139.2381
559.0001	140.2619
559.0001	141.2857
557.9763	142.3096
556.9525	142.3096
555.9287	144.3572
554.9049	144.3572
553.8811	145.3810
552.8572	145.3810
551.8334	145.3810
550.8096	145.3810
550.8096	146.4048
549.7858	146.4048
548.7620	146.4048
546.7144	146.4048
545.6906	146.4048
545.6906	148.4524
544.6668	148.4524
542.6192	148.4524
541.5953	149.4762
540.5715	149.4762
539.5477	149.4762
538.5239	149.4762
537.5001	149.4762
536.4763	149.4762
535.4525	149.4762
535.4525	148.4524
534.4287	148.4524
534.4287	147.4286
533.4049	147.4286
533.4049	146.4048
531.3572	144.3572
530.3334	144.3572
529.3096	142.3096
528.2858	141.2857
527.2620	139.2381
525.2144	139.2381
525.2144	137.1905
525.2144	136.1667
523.1668	136.1667
522.1430	136.1667
522.1430	138.2143
522.1430	140.2619
522.1430	142.3096
522.1430	145.3810
522.1430	148.4524
523.1668	153.5715
526.2382	157.6667
528.2858	160.7381
530.3334	163.8096
530.3334	165.8572
532.3811	167.9048
533.4049	168.9286
533.4049	169.9524
533.4049	170.9762
533.4049	172.0000
533.4049	173.0238
533.4049	174.0477
533.4049	175.0715
533.4049	176.0953
533.4049	177.1191
533.4049	178.1429
533.4049	179.1667
533.4049	180.1905
532.3811	181.2143
530.3334	183.2619
530.3334	184.2857
529.3096	185.3096
529.3096	186.3334
528.2858	188.3810
528.2858	190.4286
527.2620	191.4524
525.2144	192.4762
525.2144	193.5000
524.1906	194.5238
523.1668	194.5238
522.1430	194.5238
521.1191	194.5238
520.0953	194.5238
519.0715	194.5238
518.0477	194.5238
517.0239	194.5238
516.0001	194.5238
514.9763	194.5238
511.9049	194.5238
509.8572	194.5238
507.8096	194.5238
504.7382	194.5238
503.7144	194.5238
501.6668	194.5238
500.6430	194.5238
499.6191	194.5238
499.6191	193.5000
497.5715	193.5000
496.5477	193.5000
495.5239	193.5000
494.5001	193.5000
493.4763	193.5000
492.4525	193.5000
490.4049	191.4524
488.3572	190.4286
487.3334	190.4286
486.3096	188.3810
484.2620	187.3572
482.2144	187.3572
479.1429	187.3572
478.1191	186.3334
476.0715	186.3334
474.0239	185.3096
473.0001	185.3096
470.9525	184.2857
469.9287	184.2857
466.8572	184.2857
465.8334	183.2619
461.7382	183.2619
458.6668	183.2619
457.6429	183.2619
455.5953	183.2619
454.5715	183.2619
452.5239	182.2381
451.5001	181.2143
448.4287	181.2143
445.3572	179.1667
441.2620	178.1429
438.1906	177.1191
437.1667	177.1191
435.1191	177.1191
434.0953	177.1191
432.0477	177.1191
431.0239	177.1191
428.9763	177.1191
427.9525	177.1191
426.9287	177.1191
425.9048	177.1191
424.8810	177.1191
423.8572	177.1191
422.8334	177.1191
421.8096	177.1191
419.7620	177.1191
418.7382	177.1191
417.7144	177.1191
416.6906	177.1191
415.6667	177.1191
413.6191	177.1191
412.5953	177.1191
410.5477	177.1191
409.5239	177.1191
408.5001	177.1191
407.4763	177.1191
406.4525	177.1191
406.4525	176.0953
405.4286	176.0953
404.4048	176.0953
403.3810	176.0953
401.3334	176.0953
399.2858	176.0953
398.2620	176.0953
398.2620	174.0477
397.2382	174.0477
397.2382	173.0238
396.2144	173.0238
396.2144	172.0000
395.1906	172.0000
395.1906	170.9762
394.1667	170.9762
393.1429	170.9762
393.1429	169.9524
392.1191	169.9524
391.0953	168.9286
391.0953	166.8810
391.0953	165.8572
389.0477	163.8096
389.0477	162.7857
389.0477	161.7619
389.0477	160.7381
389.0477	159.7143
389.0477	158.6905
388.0239	157.6667
388.0239	156.6429
388.0239	155.6191
388.0239	153.5715
387.0001	153.5715
387.0001	151.5238
387.0001	150.5000
387.0001	149.4762
385.9763	148.4524
385.9763	147.4286
385.9763	146.4048
384.9525	145.3810
384.9525	144.3572
383.9286	143.3334
383.9286	142.3096
382.9048	142.3096
382.9048	141.2857
381.8810	141.2857
381.8810	140.2619
380.8572	140.2619
380.8572	138.2143
379.8334	138.2143
379.8334	137.1905
379.8334	136.1667
377.7858	135.1429
376.7620	135.1429
374.7144	134.1191
373.6905	134.1191
372.6667	134.1191
370.6191	134.1191
370.6191	133.0953
369.5953	132.0715
368.5715	132.0715
367.5477	132.0715
365.5001	130.0238
365.5001	129.0000
363.4525	129.0000
362.4286	129.0000
361.4048	129.0000
360.3810	129.0000
359.3572	126.9524
358.3334	126.9524
357.3096	126.9524
356.2858	125.9286
355.2620	125.9286
354.2382	125.9286
353.2144	124.9048
352.1905	124.9048
351.1667	124.9048
350.1429	122.8572
349.1191	122.8572
347.0715	121.8334
345.0239	121.8334
344.0001	120.8095
342.9763	118.7619
341.9524	118.7619
340.9286	117.7381
337.8572	117.7381
336.8334	117.7381
333.7620	115.6905
331.7143	114.6667
330.6905	114.6667
327.6191	114.6667
326.5953	112.6191
324.5477	112.6191
323.5239	111.5953
321.4763	111.5953
320.4524	111.5953
319.4286	109.5476
318.4048	109.5476
316.3572	109.5476
314.3096	108.5238
313.2858	108.5238
311.2382	108.5238
310.2143	107.5000
308.1667	106.4762
307.1429	106.4762
306.1191	106.4762
305.0953	106.4762
304.0715	106.4762
304.0715	104.4286
303.0477	104.4286
302.0239	104.4286
302.0239	103.4048
299.9762	103.4048
298.9524	103.4048
296.9048	103.4048
295.8810	102.3810
294.8572	102.3810
293.8334	102.3810
292.8096	102.3810
290.7620	101.3572
289.7382	101.3572
287.6905	101.3572
286.6667	101.3572
284.6191	100.3334
283.5953	100.3334
282.5715	100.3334
281.5477	100.3334
280.5239	100.3334
279.5001	100.3334
278.4762	98.2857
277.4524	98.2857
276.4286	98.2857
275.4048	98.2857
274.3810	98.2857
274.3810	97.2619
273.3572	97.2619
271.3096	97.2619
269.2620	97.2619
267.2143	97.2619
264.1429	97.2619
260.0477	97.2619
258.0000	97.2619
255.9524	97.2619
254.9286	97.2619
253.9048	97.2619
252.8810	98.2857
251.8572	98.2857
251.8572	99.3095
250.8334	100.3334
250.8334	101.3572
249.8096	101.3572
248.7858	102.3810
247.7620	103.4048
246.7381	103.4048
245.7143	105.4524
244.6905	105.4524
244.6905	106.4762
243.6667	106.4762
243.6667	107.5000
243.6667	108.5238
243.6667	109.5476
243.6667	110.5714
243.6667	111.5953
243.6667	112.6191
242.6429	112.6191
242.6429	113.6429
241.6191	114.6667
240.5953	114.6667
240.5953	115.6905
239.5715	115.6905
238.5477	115.6905
237.5239	115.6905
236.5000	115.6905
234.4524	115.6905
233.4286	114.6667
231.3810	113.6429
230.3572	111.5953
228.3096	110.5714
227.2858	109.5476
226.2619	108.5238
225.2381	108.5238
224.2143	107.5000
222.1667	107.5000
220.1191	107.5000
219.0953	107.5000
217.0477	107.5000
215.0000	107.5000
212.9524	107.5000
211.9286	107.5000
208.8572	107.5000
207.8334	107.5000
205.7858	107.5000
204.7619	107.5000
202.7143	108.5238
201.6905	108.5238
200.6667	109.5476
198.6191	109.5476
198.6191	110.5714
197.5953	110.5714
197.5953	111.5953
196.5715	111.5953
195.5477	112.6191
194.5238	113.6429
193.5000	113.6429
191.4524	113.6429
191.4524	114.6667
189.4048	114.6667
188.3810	114.6667
187.3572	114.6667
186.3334	114.6667
183.2619	114.6667
182.2381	114.6667
180.1905	114.6667
178.1429	114.6667
177.1191	114.6667
175.0715	114.6667
174.0477	114.6667
173.0238	114.6667
172.0000	114.6667
170.9762	114.6667
169.9524	114.6667
168.9286	114.6667
167.9048	114.6667
166.8810	114.6667
165.8572	114.6667
165.8572	113.6429
164.8334	113.6429
163.8096	113.6429
162.7857	112.6191
161.7619	111.5953
161.7619	110.5714
159.7143	110.5714
158.6905	109.5476
156.6429	107.5000
154.5953	106.4762
152.5476	106.4762
151.5238	104.4286
149.4762	103.4048
148.4524	102.3810
146.4048	101.3572
146.4048	100.3334
146.4048	99.3095
144.3572	99.3095
144.3572	98.2857
143.3334	98.2857
143.3334	97.2619
143.3334	96.2381
142.3096	96.2381
141.2857	95.2143
140.2619	95.2143
138.2143	93.1667
136.1667	92.1429
135.1429	91.1191
133.0953	90.0953
132.0715	89.0714
131.0476	89.0714
130.0238	89.0714
129.0000	89.0714
126.9524	88.0476
125.9286	88.0476
122.8572	86.0000
118.7619	82.9286
115.6905	81.9048
111.5953	78.8333
108.5238	76.7857
107.5000	75.7619
106.4762	74.7381
105.4524	74.7381
105.4524	73.7143
104.4286	72.6905
104.4286	71.6667
103.4048	70.6429
102.3810	68.5953
100.3334	67.5714
100.3334	65.5238
98.2857	62.4524
98.2857	61.4286
98.2857	59.3810
97.2619	58.3572
97.2619	56.3095
97.2619	55.2857
97.2619	53.2381
96.2381	53.2381
96.2381	51.1905
96.2381	50.1667
96.2381	48.1191
96.2381	47.0952
96.2381	45.0476
96.2381	44.0238
96.2381	43.0000
96.2381	41.9762
96.2381	40.9524
96.2381	38.9048
95.2143	38.9048
95.2143	37.8810
95.2143	36.8571
94.1905	35.8333
94.1905	34.8095
94.1905	33.7857
94.1905	32.7619
93.1667	33.7857
93.1667	35.8333
91.1191	37.8810
91.1191	39.9286
91.1191	41.9762
91.1191	43.0000
90.0953	44.0238
90.0953	45.0476
90.0953	46.0714
90.0953	47.0952
88.0476	47.0952
87.0238	49.1429
86.0000	50.1667
84.9762	51.1905
81.9048	52.2143
80.8810	54.2619
78.8333	55.2857
77.8095	56.3095
75.7619	56.3095
74.7381	57.3333
72.6905	57.3333
70.6429	57.3333
68.5953	57.3333
66.5476	57.3333
64.5000	57.3333
61.4286	57.3333
60.4048	57.3333
59.3810	57.3333
58.3572	57.3333
57.3333	57.3333
56.3095	55.2857
55.2857	55.2857
54.2619	55.2857
53.2381	55.2857
52.2143	55.2857
51.1905	54.2619
49.1429	54.2619
48.1191	54.2619
45.0476	52.2143
41.9762	52.2143
38.9048	52.2143
36.8571	52.2143
34.8095	52.2143
33.7857	50.1667
33.7857	51.1905
33.7857	53.2381
33.7857	55.2857
33.7857	56.3095
33.7857	57.3333
33.7857	58.3572
35.8333	58.3572
36.8571	59.3810
36.8571	60.4048
38.9048	60.4048
39.9286	61.4286
40.9524	62.4524
44.0238	64.5000
46.0714	65.5238
46.0714	66.5476
48.1191	66.5476
49.1429	67.5714
49.1429	68.5953
50.1667	69.6191
52.2143	69.6191
52.2143	70.6429
54.2619	71.6667
55.2857	73.7143
58.3572	74.7381
60.4048	76.7857
63.4762	77.8095
65.5238	78.8333
66.5476	79.8572
68.5953	79.8572
69.6191	81.9048
70.6429	81.9048
72.6905	82.9286
74.7381	82.9286
74.7381	83.9524
75.7619	83.9524
75.7619	84.9762
76.7857	84.9762
76.7857	86.0000
77.8095	86.0000
77.8095	87.0238
