44.0238	530.3334
45.0476	530.3334
46.0714	530.3334
46.0714	528.2858
47.0952	528.2858
48.1191	527.2620
49.1429	527.2620
49.1429	526.2382
50.1667	526.2382
50.1667	525.2144
51.1905	524.1906
52.2143	523.1668
53.2381	522.1430
53.2381	521.1191
53.2381	520.0953
53.2381	519.0715
53.2381	518.0477
55.2857	518.0477
57.3333	518.0477
59.3810	518.0477
60.4048	518.0477
62.4524	518.0477
63.4762	518.0477
65.5238	518.0477
66.5476	518.0477
67.5714	518.0477
69.6191	518.0477
70.6429	518.0477
72.6905	518.0477
74.7381	518.0477
75.7619	518.0477
76.7857	518.0477
77.8095	518.0477
78.8333	518.0477
79.8572	518.0477
80.8810	518.0477
81.9048	518.0477
82.9286	518.0477
83.9524	518.0477
84.9762	518.0477
86.0000	518.0477
87.0238	517.0239
88.0476	517.0239
89.0714	517.0239
90.0953	517.0239
91.1191	517.0239
92.1429	517.0239
93.1667	516.0001
94.1905	516.0001
95.2143	516.0001
96.2381	516.0001
97.2619	516.0001
98.2857	514.9763
100.3334	514.9763
101.3572	514.9763
103.4048	514.9763
105.4524	514.9763
106.4762	514.9763
107.5000	514.9763
108.5238	514.9763
109.5476	514.9763
111.5953	514.9763
112.6191	514.9763
114.6667	514.9763
116.7143	514.9763
118.7619	513.9525
120.8095	513.9525
122.8572	513.9525
123.8810	513.9525
125.9286	512.9287
126.9524	512.9287
129.0000	512.9287
130.0238	512.9287
131.0476	512.9287
132.0715	512.9287
132.0715	511.9049
134.1191	511.9049
135.1429	511.9049
136.1667	511.9049
137.1905	510.8810
138.2143	510.8810
139.2381	510.8810
140.2619	509.8572
141.2857	509.8572
141.2857	508.8334
141.2857	507.8096
141.2857	506.7858
141.2857	505.7620
141.2857	504.7382
141.2857	503.7144
141.2857	502.6906
143.3334	502.6906
145.3810	502.6906
147.4286	502.6906
148.4524	502.6906
150.5000	502.6906
151.5238	502.6906
152.5476	502.6906
153.5715	502.6906
154.5953	502.6906
155.6191	502.6906
156.6429	502.6906
156.6429	500.6430
157.6667	500.6430
158.6905	500.6430
158.6905	499.6191
159.7143	499.6191
160.7381	499.6191
161.7619	498.5953
162.7857	498.5953
163.8096	498.5953
164.8334	498.5953
165.8572	498.5953
166.8810	498.5953
167.9048	497.5715
168.9286	497.5715
168.9286	495.5239
169.9524	495.5239
170.9762	495.5239
172.0000	495.5239
173.0238	495.5239
174.0477	495.5239
175.0715	495.5239
175.0715	496.5477
175.0715	497.5715
175.0715	498.5953
175.0715	499.6191
176.0953	499.6191
177.1191	499.6191
178.1429	499.6191
179.1667	499.6191
180.1905	499.6191
181.2143	499.6191
182.2381	499.6191
183.2619	499.6191
184.2857	499.6191
185.3096	499.6191
185.3096	498.5953
187.3572	498.5953
188.3810	498.5953
188.3810	496.5477
189.4048	496.5477
190.4286	496.5477
191.4524	496.5477
192.4762	495.5239
193.5000	495.5239
194.5238	495.5239
195.5477	494.5001
196.5715	494.5001
197.5953	493.4763
199.6429	493.4763
199.6429	492.4525
201.6905	492.4525
202.7143	491.4287
203.7381	491.4287
205.7858	491.4287
205.7858	490.4049
207.8334	490.4049
208.8572	489.3810
209.8810	488.3572
212.9524	487.3334
213.9762	486.3096
216.0239	486.3096
216.0239	485.2858
218.0715	485.2858
219.0953	485.2858
219.0953	484.2620
220.1191	484.2620
221.1429	484.2620
221.1429	482.2144
223.1905	482.2144
224.2143	482.2144
226.2619	482.2144
226.2619	481.1906
227.2858	481.1906
227.2858	480.1668
228.3096	480.1668
229.3334	480.1668
230.3572	479.1429
231.3810	479.1429
231.3810	478.1191
233.4286	478.1191
234.4524	478.1191
235.4762	478.1191
237.5239	478.1191
238.5477	478.1191
240.5953	476.0715
242.6429	475.0477
243.6667	475.0477
244.6905	475.0477
245.7143	475.0477
246.7381	475.0477
249.8096	473.0001
252.8810	471.9763
253.9048	471.9763
256.9762	469.9287
259.0239	469.9287
260.0477	468.9049
261.0715	467.8810
262.0953	467.8810
263.1191	467.8810
263.1191	466.8572
264.1429	466.8572
265.1667	466.8572
266.1905	464.8096
268.2381	464.8096
269.2620	464.8096
271.3096	462.7620
272.3334	462.7620
274.3810	462.7620
275.4048	460.7144
276.4286	459.6906
277.4524	459.6906
278.4762	459.6906
278.4762	458.6668
280.5239	458.6668
280.5239	457.6429
280.5239	456.6191
281.5477	455.5953
281.5477	454.5715
283.5953	452.5239
284.6191	451.5001
286.6667	448.4287
289.7382	445.3572
290.7620	441.2620
290.7620	438.1906
291.7858	437.1667
291.7858	436.1429
291.7858	435.1191
292.8096	433.0715
292.8096	432.0477
292.8096	430.0001
292.8096	428.9763
294.8572	426.9287
294.8572	425.9048
294.8572	423.8572
294.8572	421.8096
294.8572	420.7858
294.8572	419.7620
294.8572	418.7382
294.8572	417.7144
294.8572	416.6906
292.8096	416.6906
292.8096	415.6667
292.8096	414.6429
291.7858	414.6429
291.7858	413.6191
290.7620	413.6191
290.7620	412.5953
289.7382	412.5953
289.7382	411.5715
287.6905	411.5715
287.6905	410.5477
286.6667	410.5477
286.6667	409.5239
284.6191	409.5239
283.5953	409.5239
283.5953	408.5001
282.5715	408.5001
281.5477	408.5001
281.5477	407.4763
280.5239	407.4763
280.5239	406.4525
279.5001	406.4525
278.4762	405.4286
277.4524	405.4286
276.4286	404.4048
275.4048	404.4048
274.3810	404.4048
273.3572	403.3810
272.3334	403.3810
271.3096	402.3572
270.2858	401.3334
269.2620	401.3334
268.2381	401.3334
267.2143	401.3334
266.1905	401.3334
265.1667	401.3334
265.1667	400.3096
264.1429	400.3096
263.1191	399.2858
262.0953	398.2620
262.0953	397.2382
261.0715	397.2382
261.0715	395.1906
260.0477	395.1906
259.0239	395.1906
256.9762	395.1906
255.9524	395.1906
254.9286	395.1906
252.8810	395.1906
250.8334	395.1906
249.8096	395.1906
247.7620	395.1906
246.7381	395.1906
244.6905	395.1906
243.6667	395.1906
242.6429	395.1906
241.6191	395.1906
240.5953	395.1906
239.5715	395.1906
238.5477	395.1906
237.5239	395.1906
236.5000	395.1906
235.4762	395.1906
234.4524	395.1906
234.4524	393.1429
233.4286	393.1429
232.4048	393.1429
231.3810	392.1191
229.3334	392.1191
227.2858	392.1191
226.2619	392.1191
226.2619	391.0953
224.2143	391.0953
223.1905	391.0953
222.1667	391.0953
221.1429	391.0953
220.1191	391.0953
219.0953	391.0953
218.0715	391.0953
217.0477	391.0953
216.0239	391.0953
215.0000	391.0953
215.0000	390.0715
213.9762	390.0715
212.9524	390.0715
211.9286	390.0715
210.9048	389.0477
209.8810	389.0477
208.8572	389.0477
207.8334	389.0477
205.7858	389.0477
204.7619	389.0477
202.7143	389.0477
201.6905	389.0477
199.6429	389.0477
198.6191	389.0477
197.5953	388.0239
196.5715	388.0239
196.5715	387.0001
197.5953	385.9763
198.6191	384.9525
199.6429	384.9525
199.6429	383.9286
200.6667	383.9286
200.6667	382.9048
200.6667	381.8810
201.6905	381.8810
201.6905	380.8572
200.6667	380.8572
198.6191	379.8334
197.5953	378.8096
195.5477	378.8096
194.5238	378.8096
193.5000	378.8096
192.4762	378.8096
192.4762	377.7858
192.4762	376.7620
192.4762	375.7382
190.4286	375.7382
190.4286	374.7144
189.4048	374.7144
188.3810	374.7144
188.3810	372.6667
187.3572	372.6667
187.3572	371.6429
186.3334	371.6429
185.3096	371.6429
185.3096	370.6191
184.2857	370.6191
183.2619	370.6191
182.2381	370.6191
181.2143	370.6191
180.1905	370.6191
179.1667	370.6191
178.1429	370.6191
177.1191	370.6191
178.1429	372.6667
181.2143	375.7382
182.2381	376.7620
183.2619	378.8096
183.2619	379.8334
182.2381	379.8334
181.2143	379.8334
179.1667	378.8096
177.1191	378.8096
176.0953	377.7858
174.0477	377.7858
173.0238	377.7858
172.0000	377.7858
170.9762	377.7858
168.9286	377.7858
167.9048	377.7858
165.8572	377.7858
164.8334	377.7858
163.8096	377.7858
162.7857	377.7858
161.7619	377.7858
159.7143	377.7858
158.6905	377.7858
157.6667	377.7858
156.6429	377.7858
154.5953	377.7858
152.5476	377.7858
151.5238	377.7858
149.4762	377.7858
148.4524	377.7858
147.4286	377.7858
146.4048	377.7858
145.3810	377.7858
144.3572	377.7858
142.3096	377.7858
141.2857	377.7858
139.2381	377.7858
137.1905	377.7858
136.1667	377.7858
135.1429	377.7858
134.1191	377.7858
133.0953	377.7858
131.0476	377.7858
130.0238	377.7858
129.0000	377.7858
127.9762	377.7858
126.9524	377.7858
125.9286	377.7858
125.9286	375.7382
124.9048	375.7382
124.9048	374.7144
124.9048	373.6905
123.8810	373.6905
123.8810	372.6667
122.8572	372.6667
122.8572	371.6429
121.8334	371.6429
120.8095	371.6429
120.8095	369.5953
118.7619	369.5953
117.7381	369.5953
116.7143	369.5953
115.6905	369.5953
114.6667	369.5953
113.6429	369.5953
112.6191	369.5953
110.5714	369.5953
109.5476	369.5953
107.5000	369.5953
106.4762	369.5953
105.4524	369.5953
103.4048	369.5953
102.3810	369.5953
100.3334	369.5953
99.3095	369.5953
98.2857	369.5953
98.2857	368.5715
98.2857	367.5477
98.2857	366.5239
97.2619	366.5239
97.2619	367.5477
97.2619	368.5715
96.2381	369.5953
96.2381	370.6191
96.2381	371.6429
96.2381	372.6667
95.2143	373.6905
94.1905	373.6905
93.1667	373.6905
92.1429	373.6905
91.1191	373.6905
90.0953	374.7144
89.0714	374.7144
87.0238	374.7144
86.0000	374.7144
84.9762	374.7144
83.9524	374.7144
82.9286	373.6905
81.9048	373.6905
81.9048	371.6429
81.9048	372.6667
79.8572	372.6667
79.8572	373.6905
79.8572	375.7382
79.8572	376.7620
79.8572	377.7858
78.8333	377.7858
76.7857	377.7858
75.7619	378.8096
74.7381	378.8096
73.7143	379.8334
72.6905	380.8572
71.6667	380.8572
70.6429	381.8810
69.6191	381.8810
68.5953	381.8810
68.5953	382.9048
67.5714	382.9048
66.5476	382.9048
65.5238	382.9048
64.5000	382.9048
63.4762	382.9048
62.4524	382.9048
61.4286	382.9048
60.4048	382.9048
59.3810	382.9048
58.3572	382.9048
56.3095	382.9048
55.2857	384.9525
53.2381	384.9525
52.2143	384.9525
50.1667	384.9525
49.1429	384.9525
47.0952	384.9525
46.0714	384.9525
45.0476	385.9763
44.0238	385.9763
45.0476	385.9763
47.0952	383.9286
50.1667	383.9286
51.1905	382.9048
53.2381	382.9048
53.2381	381.8810
55.2857	381.8810
55.2857	380.8572
56.3095	380.8572
56.3095	379.8334
56.3095	378.8096
56.3095	377.7858
57.3333	377.7858
57.3333	376.7620
57.3333	375.7382
57.3333	374.7144
58.3572	373.6905
58.3572	372.6667
59.3810	372.6667
59.3810	370.6191
60.4048	370.6191
60.4048	369.5953
62.4524	367.5477
63.4762	367.5477
64.5000	366.5239
64.5000	364.4763
65.5238	364.4763
66.5476	362.4286
68.5953	362.4286
69.6191	362.4286
70.6429	362.4286
71.6667	362.4286
72.6905	362.4286
72.6905	361.4048
72.6905	359.3572
72.6905	357.3096
72.6905	355.2620
72.6905	354.2382
72.6905	353.2144
72.6905	352.1905
72.6905	351.1667
71.6667	351.1667
71.6667	349.1191
71.6667	348.0953
70.6429	347.0715
70.6429	346.0477
68.5953	345.0239
68.5953	344.0001
67.5714	344.0001
67.5714	342.9763
66.5476	342.9763
65.5238	342.9763
65.5238	341.9524
64.5000	341.9524
63.4762	341.9524
62.4524	341.9524
62.4524	340.9286
61.4286	340.9286
60.4048	340.9286
60.4048	339.9048
59.3810	339.9048
56.3095	339.9048
54.2619	339.9048
53.2381	339.9048
51.1905	339.9048
50.1667	339.9048
48.1191	339.9048
47.0952	339.9048
46.0714	339.9048
45.0476	339.9048
44.0238	339.9048
43.0000	339.9048
41.9762	339.9048
40.9524	338.8810
39.9286	338.8810
39.9286	337.8572
38.9048	336.8334
37.8810	336.8334
36.8571	335.8096
36.8571	334.7858
34.8095	334.7858
34.8095	333.7620
33.7857	332.7382
33.7857	331.7143
33.7857	330.6905
33.7857	329.6667
33.7857	328.6429
33.7857	326.5953
33.7857	325.5715
33.7857	324.5477
33.7857	322.5001
33.7857	321.4763
33.7857	320.4524
33.7857	319.4286
33.7857	318.4048
33.7857	316.3572
33.7857	315.3334
33.7857	312.2620
33.7857	310.2143
33.7857	309.1905
33.7857	308.1667
33.7857	307.1429
32.7619	307.1429
32.7619	306.1191
31.7381	305.0953
31.7381	304.0715
30.7143	304.0715
30.7143	303.0477
29.6905	303.0477
29.6905	301.0001
28.6667	301.0001
28.6667	299.9762
27.6429	299.9762
27.6429	298.9524
26.6191	298.9524
26.6191	297.9286
25.5952	296.9048
25.5952	295.8810
24.5714	294.8572
24.5714	292.8096
23.5476	292.8096
23.5476	291.7858
23.5476	290.7620
23.5476	289.7382
22.5238	289.7382
22.5238	287.6905
22.5238	285.6429
22.5238	284.6191
22.5238	283.5953
22.5238	282.5715
22.5238	281.5477
22.5238	280.5239
21.5000	280.5239
21.5000	279.5001
20.4762	279.5001
20.4762	278.4762
18.4286	278.4762
18.4286	276.4286
16.3810	276.4286
15.3571	275.4048
15.3571	274.3810
15.3571	273.3572
15.3571	272.3334
14.3333	272.3334
14.3333	271.3096
14.3333	270.2858
13.3095	270.2858
13.3095	269.2620
13.3095	268.2381
13.3095	267.2143
11.2619	267.2143
11.2619	266.1905
11.2619	265.1667
11.2619	264.1429
10.2381	264.1429
11.2619	264.1429
12.2857	264.1429
13.3095	265.1667
15.3571	265.1667
15.3571	267.2143
16.3810	267.2143
17.4048	267.2143
17.4048	268.2381
18.4286	268.2381
19.4524	268.2381
19.4524	269.2620
20.4762	269.2620
20.4762	270.2858
21.5000	270.2858
22.5238	270.2858
22.5238	271.3096
23.5476	271.3096
23.5476	272.3334
24.5714	272.3334
24.5714	273.3572
26.6191	273.3572
27.6429	273.3572
28.6667	273.3572
29.6905	274.3810
31.7381	274.3810
32.7619	274.3810
32.7619	276.4286
33.7857	276.4286
35.8333	277.4524
36.8571	277.4524
36.8571	278.4762
37.8810	278.4762
38.9048	278.4762
38.9048	279.5001
39.9286	279.5001
39.9286	281.5477
40.9524	281.5477
40.9524	282.5715
41.9762	282.5715
43.0000	282.5715
44.0238	283.5953
45.0476	283.5953
45.0476	284.6191
47.0952	284.6191
48.1191	284.6191
48.1191	286.6667
49.1429	286.6667
51.1905	287.6905
53.2381	287.6905
54.2619	288.7143
55.2857	288.7143
56.3095	288.7143
57.3333	288.7143
59.3810	288.7143
60.4048	290.7620
62.4524	290.7620
64.5000	290.7620
65.5238	290.7620
67.5714	291.7858
68.5953	291.7858
70.6429	291.7858
71.6667	291.7858
73.7143	291.7858
74.7381	291.7858
75.7619	291.7858
76.7857	291.7858
77.8095	291.7858
78.8333	291.7858
80.8810	291.7858
82.9286	291.7858
83.9524	291.7858
84.9762	291.7858
86.0000	291.7858
87.0238	291.7858
88.0476	291.7858
89.0714	291.7858
90.0953	291.7858
91.1191	291.7858
92.1429	291.7858
93.1667	291.7858
94.1905	291.7858
95.2143	291.7858
96.2381	291.7858
97.2619	291.7858
98.2857	291.7858
100.3334	291.7858
100.3334	292.8096
101.3572	292.8096
103.4048	292.8096
105.4524	292.8096
106.4762	292.8096
107.5000	292.8096
108.5238	293.8334
110.5714	293.8334
111.5953	293.8334
113.6429	293.8334
114.6667	293.8334
115.6905	295.8810
116.7143	295.8810
117.7381	295.8810
118.7619	295.8810
118.7619	296.9048
119.7857	296.9048
120.8095	296.9048
121.8334	296.9048
122.8572	298.9524
123.8810	298.9524
125.9286	298.9524
127.9762	298.9524
129.0000	298.9524
129.0000	301.0001
130.0238	301.0001
131.0476	301.0001
132.0715	301.0001
132.0715	302.0239
134.1191	303.0477
135.1429	304.0715
136.1667	304.0715
136.1667	305.0953
138.2143	305.0953
139.2381	305.0953
139.2381	306.1191
140.2619	306.1191
141.2857	306.1191
143.3334	308.1667
144.3572	308.1667
145.3810	308.1667
146.4048	308.1667
148.4524	308.1667
149.4762	309.1905
151.5238	309.1905
152.5476	310.2143
153.5715	310.2143
153.5715	311.2382
154.5953	311.2382
156.6429	311.2382
156.6429	312.2620
157.6667	313.2858
158.6905	314.3096
158.6905	315.3334
160.7381	315.3334
160.7381	316.3572
161.7619	317.3810
162.7857	317.3810
162.7857	319.4286
163.8096	319.4286
163.8096	320.4524
165.8572	320.4524
165.8572	321.4763
166.8810	321.4763
166.8810	322.5001
167.9048	322.5001
168.9286	322.5001
169.9524	322.5001
169.9524	323.5239
172.0000	323.5239
173.0238	323.5239
175.0715	323.5239
177.1191	323.5239
178.1429	323.5239
179.1667	323.5239
180.1905	323.5239
181.2143	323.5239
183.2619	323.5239
184.2857	323.5239
185.3096	323.5239
187.3572	323.5239
189.4048	323.5239
190.4286	323.5239
192.4762	323.5239
193.5000	323.5239
195.5477	323.5239
196.5715	323.5239
197.5953	323.5239
199.6429	323.5239
200.6667	323.5239
200.6667	322.5001
202.7143	322.5001
204.7619	322.5001
205.7858	321.4763
206.8096	321.4763
207.8334	321.4763
208.8572	321.4763
210.9048	321.4763
216.0239	321.4763
219.0953	321.4763
223.1905	321.4763
227.2858	321.4763
228.3096	321.4763
231.3810	321.4763
232.4048	321.4763
233.4286	321.4763
234.4524	321.4763
235.4762	322.5001
236.5000	322.5001
237.5239	322.5001
238.5477	323.5239
239.5715	323.5239
240.5953	323.5239
241.6191	323.5239
242.6429	323.5239
242.6429	325.5715
243.6667	325.5715
244.6905	325.5715
245.7143	326.5953
247.7620	326.5953
248.7858	326.5953
248.7858	327.6191
249.8096	327.6191
250.8334	327.6191
251.8572	327.6191
252.8810	327.6191
253.9048	327.6191
254.9286	327.6191
256.9762	327.6191
259.0239	327.6191
260.0477	327.6191
263.1191	327.6191
265.1667	327.6191
266.1905	327.6191
268.2381	328.6429
269.2620	328.6429
271.3096	328.6429
272.3334	328.6429
274.3810	328.6429
275.4048	328.6429
277.4524	328.6429
279.5001	328.6429
282.5715	329.6667
284.6191	329.6667
287.6905	329.6667
289.7382	330.6905
290.7620	330.6905
291.7858	330.6905
292.8096	330.6905
293.8334	330.6905
294.8572	330.6905
296.9048	332.7382
297.9286	332.7382
298.9524	332.7382
299.9762	332.7382
301.0001	332.7382
303.0477	332.7382
304.0715	332.7382
306.1191	332.7382
307.1429	332.7382
308.1667	332.7382
309.1905	332.7382
310.2143	334.7858
312.2620	334.7858
313.2858	334.7858
315.3334	334.7858
316.3572	334.7858
318.4048	334.7858
320.4524	334.7858
322.5001	335.8096
325.5715	335.8096
327.6191	335.8096
328.6429	335.8096
329.6667	335.8096
331.7143	335.8096
332.7382	335.8096
333.7620	335.8096
335.8096	335.8096
337.8572	335.8096
338.8810	335.8096
339.9048	335.8096
340.9286	335.8096
341.9524	335.8096
342.9763	335.8096
344.0001	335.8096
345.0239	335.8096
346.0477	335.8096
347.0715	335.8096
348.0953	335.8096
349.1191	335.8096
349.1191	334.7858
350.1429	334.7858
351.1667	334.7858
352.1905	334.7858
353.2144	334.7858
354.2382	333.7620
355.2620	333.7620
356.2858	333.7620
356.2858	331.7143
357.3096	331.7143
357.3096	330.6905
358.3334	330.6905
358.3334	329.6667
360.3810	329.6667
361.4048	329.6667
361.4048	328.6429
362.4286	327.6191
363.4525	326.5953
363.4525	325.5715
364.4763	325.5715
364.4763	324.5477
365.5001	324.5477
365.5001	323.5239
365.5001	322.5001
365.5001	321.4763
365.5001	320.4524
365.5001	319.4286
366.5239	319.4286
366.5239	318.4048
366.5239	317.3810
366.5239	316.3572
366.5239	315.3334
366.5239	314.3096
366.5239	313.2858
366.5239	311.2382
366.5239	310.2143
366.5239	309.1905
366.5239	308.1667
366.5239	307.1429
365.5001	306.1191
365.5001	305.0953
365.5001	304.0715
364.4763	304.0715
364.4763	303.0477
364.4763	302.0239
364.4763	301.0001
364.4763	299.9762
364.4763	298.9524
364.4763	297.9286
362.4286	296.9048
362.4286	294.8572
362.4286	293.8334
362.4286	292.8096
362.4286	290.7620
362.4286	289.7382
362.4286	288.7143
362.4286	287.6905
362.4286	286.6667
361.4048	285.6429
361.4048	284.6191
361.4048	283.5953
361.4048	282.5715
359.3572	282.5715
359.3572	281.5477
358.3334	281.5477
358.3334	280.5239
357.3096	280.5239
357.3096	279.5001
356.2858	279.5001
355.2620	278.4762
354.2382	278.4762
354.2382	277.4524
353.2144	277.4524
352.1905	275.4048
351.1667	275.4048
349.1191	275.4048
348.0953	274.3810
346.0477	273.3572
345.0239	273.3572
342.9763	271.3096
340.9286	271.3096
338.8810	271.3096
336.8334	269.2620
335.8096	269.2620
334.7858	268.2381
333.7620	268.2381
332.7382	268.2381
331.7143	267.2143
330.6905	267.2143
330.6905	265.1667
328.6429	264.1429
328.6429	263.1191
328.6429	262.0953
326.5953	261.0715
325.5715	259.0239
323.5239	258.0000
322.5001	255.9524
320.4524	254.9286
319.4286	251.8572
317.3810	251.8572
317.3810	250.8334
315.3334	250.8334
314.3096	249.8096
314.3096	248.7858
313.2858	248.7858
312.2620	248.7858
311.2382	248.7858
311.2382	247.7620
309.1905	247.7620
308.1667	247.7620
307.1429	246.7381
305.0953	246.7381
304.0715	246.7381
303.0477	245.7143
302.0239	245.7143
301.0001	244.6905
299.9762	244.6905
298.9524	243.6667
298.9524	241.6191
297.9286	241.6191
295.8810	240.5953
294.8572	239.5715
293.8334	239.5715
292.8096	238.5477
291.7858	237.5239
290.7620	237.5239
288.7143	236.5000
287.6905	235.4762
285.6429	234.4524
284.6191	234.4524
283.5953	233.4286
282.5715	233.4286
282.5715	232.4048
281.5477	232.4048
280.5239	232.4048
279.5001	232.4048
277.4524	232.4048
276.4286	231.3810
275.4048	231.3810
274.3810	230.3572
272.3334	230.3572
270.2858	230.3572
270.2858	229.3334
269.2620	229.3334
268.2381	229.3334
267.2143	229.3334
266.1905	229.3334
266.1905	227.2858
265.1667	227.2858
265.1667	226.2619
264.1429	226.2619
264.1429	224.2143
262.0953	224.2143
261.0715	223.1905
260.0477	223.1905
259.0239	222.1667
258.0000	222.1667
256.9762	222.1667
255.9524	222.1667
254.9286	222.1667
252.8810	220.1191
250.8334	220.1191
249.8096	220.1191
248.7858	220.1191
247.7620	220.1191
247.7620	219.0953
245.7143	219.0953
244.6905	219.0953
243.6667	219.0953
243.6667	218.0715
242.6429	218.0715
241.6191	218.0715
240.5953	218.0715
238.5477	218.0715
238.5477	217.0477
237.5239	217.0477
236.5000	217.0477
235.4762	217.0477
232.4048	216.0239
231.3810	216.0239
230.3572	216.0239
229.3334	213.9762
228.3096	213.9762
227.2858	213.9762
226.2619	213.9762
225.2381	213.9762
224.2143	213.9762
223.1905	213.9762
222.1667	212.9524
222.1667	210.9048
221.1429	210.9048
219.0953	210.9048
218.0715	210.9048
218.0715	209.8810
217.0477	209.8810
217.0477	207.8334
216.0239	207.8334
216.0239	206.8096
215.0000	205.7858
215.0000	204.7619
213.9762	204.7619
213.9762	203.7381
213.9762	202.7143
211.9286	202.7143
211.9286	201.6905
210.9048	200.6667
208.8572	200.6667
208.8572	199.6429
206.8096	199.6429
205.7858	199.6429
204.7619	198.6191
203.7381	198.6191
202.7143	197.5953
200.6667	197.5953
200.6667	196.5715
198.6191	196.5715
197.5953	195.5477
196.5715	195.5477
195.5477	195.5477
195.5477	194.5238
194.5238	194.5238
193.5000	194.5238
192.4762	193.5000
191.4524	193.5000
191.4524	192.4762
190.4286	192.4762
189.4048	192.4762
189.4048	190.4286
188.3810	190.4286
187.3572	190.4286
188.3810	190.4286
189.4048	190.4286
189.4048	189.4048
191.4524	189.4048
192.4762	189.4048
193.5000	189.4048
194.5238	189.4048
195.5477	189.4048
197.5953	189.4048
199.6429	189.4048
200.6667	189.4048
202.7143	189.4048
205.7858	189.4048
207.8334	189.4048
209.8810	189.4048
210.9048	189.4048
212.9524	189.4048
213.9762	189.4048
217.0477	189.4048
219.0953	189.4048
221.1429	189.4048
223.1905	189.4048
224.2143	189.4048
225.2381	189.4048
226.2619	189.4048
227.2858	189.4048
227.2858	188.3810
227.2858	187.3572
227.2858	186.3334
227.2858	185.3096
225.2381	185.3096
224.2143	185.3096
223.1905	183.2619
222.1667	182.2381
221.1429	180.1905
220.1191	179.1667
218.0715	179.1667
218.0715	178.1429
217.0477	176.0953
216.0239	175.0715
215.0000	175.0715
213.9762	174.0477
213.9762	173.0238
213.9762	172.0000
212.9524	170.9762
211.9286	170.9762
210.9048	169.9524
210.9048	168.9286
209.8810	167.9048
208.8572	167.9048
208.8572	165.8572
207.8334	165.8572
207.8334	164.8334
206.8096	163.8096
205.7858	163.8096
205.7858	162.7857
203.7381	162.7857
203.7381	161.7619
202.7143	161.7619
201.6905	160.7381
200.6667	160.7381
200.6667	159.7143
199.6429	159.7143
199.6429	158.6905
198.6191	158.6905
198.6191	157.6667
197.5953	157.6667
196.5715	157.6667
196.5715	156.6429
196.5715	155.6191
195.5477	155.6191
194.5238	154.5953
193.5000	154.5953
192.4762	154.5953
192.4762	153.5715
191.4524	153.5715
191.4524	152.5476
190.4286	152.5476
190.4286	151.5238
189.4048	151.5238
188.3810	150.5000
188.3810	149.4762
187.3572	149.4762
187.3572	148.4524
186.3334	147.4286
187.3572	147.4286
188.3810	147.4286
189.4048	147.4286
190.4286	147.4286
191.4524	147.4286
192.4762	147.4286
193.5000	147.4286
194.5238	148.4524
196.5715	148.4524
197.5953	148.4524
199.6429	148.4524
201.6905	149.4762
202.7143	149.4762
203.7381	149.4762
204.7619	150.5000
205.7858	150.5000
206.8096	150.5000
206.8096	151.5238
207.8334	151.5238
208.8572	151.5238
209.8810	152.5476
211.9286	152.5476
212.9524	153.5715
215.0000	153.5715
217.0477	153.5715
218.0715	153.5715
221.1429	154.5953
223.1905	155.6191
226.2619	155.6191
227.2858	155.6191
229.3334	156.6429
230.3572	156.6429
231.3810	156.6429
232.4048	156.6429
233.4286	157.6667
234.4524	157.6667
235.4762	158.6905
236.5000	158.6905
237.5239	158.6905
237.5239	159.7143
238.5477	159.7143
238.5477	160.7381
239.5715	160.7381
239.5715	161.7619
241.6191	161.7619
241.6191	162.7857
242.6429	163.8096
243.6667	163.8096
245.7143	163.8096
245.7143	164.8334
247.7620	165.8572
248.7858	165.8572
249.8096	167.9048
250.8334	168.9286
251.8572	168.9286
252.8810	168.9286
252.8810	169.9524
253.9048	170.9762
254.9286	170.9762
254.9286	172.0000
256.9762	172.0000
258.0000	173.0238
258.0000	175.0715
259.0239	175.0715
259.0239	176.0953
260.0477	176.0953
261.0715	176.0953
261.0715	177.1191
262.0953	177.1191
262.0953	178.1429
263.1191	178.1429
263.1191	179.1667
264.1429	179.1667
265.1667	179.1667
265.1667	181.2143
266.1905	181.2143
267.2143	181.2143
268.2381	181.2143
269.2620	181.2143
270.2858	182.2381
272.3334	182.2381
272.3334	183.2619
274.3810	183.2619
276.4286	184.2857
277.4524	184.2857
278.4762	184.2857
279.5001	184.2857
279.5001	185.3096
280.5239	185.3096
281.5477	185.3096
282.5715	185.3096
282.5715	186.3334
284.6191	186.3334
284.6191	188.3810
286.6667	188.3810
288.7143	189.4048
289.7382	189.4048
291.7858	189.4048
291.7858	190.4286
293.8334	190.4286
294.8572	190.4286
296.9048	192.4762
298.9524	192.4762
299.9762	192.4762
302.0239	192.4762
303.0477	193.5000
305.0953	193.5000
306.1191	194.5238
307.1429	194.5238
308.1667	194.5238
309.1905	194.5238
310.2143	194.5238
311.2382	194.5238
312.2620	194.5238
313.2858	194.5238
315.3334	194.5238
315.3334	195.5477
317.3810	195.5477
318.4048	195.5477
320.4524	195.5477
321.4763	195.5477
323.5239	195.5477
324.5477	195.5477
326.5953	195.5477
328.6429	195.5477
329.6667	196.5715
330.6905	196.5715
332.7382	196.5715
335.8096	196.5715
336.8334	196.5715
337.8572	196.5715
338.8810	196.5715
339.9048	196.5715
340.9286	196.5715
341.9524	197.5953
342.9763	197.5953
344.0001	197.5953
345.0239	197.5953
347.0715	197.5953
348.0953	197.5953
350.1429	197.5953
351.1667	197.5953
352.1905	197.5953
353.2144	197.5953
354.2382	197.5953
353.2144	196.5715
352.1905	195.5477
350.1429	193.5000
347.0715	192.4762
346.0477	191.4524
344.0001	189.4048
344.0001	188.3810
342.9763	188.3810
342.9763	186.3334
341.9524	186.3334
340.9286	186.3334
340.9286	184.2857
339.9048	184.2857
338.8810	182.2381
337.8572	181.2143
335.8096	180.1905
335.8096	179.1667
335.8096	178.1429
333.7620	176.0953
332.7382	175.0715
331.7143	174.0477
331.7143	173.0238
330.6905	172.0000
329.6667	172.0000
328.6429	170.9762
327.6191	170.9762
327.6191	168.9286
327.6191	167.9048
326.5953	167.9048
326.5953	166.8810
324.5477	165.8572
324.5477	164.8334
323.5239	163.8096
323.5239	162.7857
322.5001	161.7619
322.5001	160.7381
321.4763	159.7143
321.4763	157.6667
321.4763	155.6191
321.4763	154.5953
321.4763	153.5715
321.4763	152.5476
320.4524	151.5238
320.4524	150.5000
320.4524	149.4762
320.4524	148.4524
321.4763	148.4524
322.5001	148.4524
323.5239	148.4524
325.5715	148.4524
326.5953	148.4524
327.6191	148.4524
328.6429	149.4762
329.6667	149.4762
331.7143	151.5238
333.7620	151.5238
333.7620	152.5476
334.7858	152.5476
334.7858	153.5715
335.8096	153.5715
336.8334	153.5715
336.8334	154.5953
337.8572	154.5953
337.8572	156.6429
339.9048	156.6429
339.9048	158.6905
340.9286	158.6905
341.9524	158.6905
342.9763	158.6905
342.9763	160.7381
344.0001	160.7381
344.0001	161.7619
345.0239	161.7619
346.0477	161.7619
347.0715	162.7857
349.1191	164.8334
352.1905	164.8334
353.2144	164.8334
355.2620	166.8810
357.3096	166.8810
358.3334	167.9048
359.3572	167.9048
360.3810	167.9048
361.4048	167.9048
361.4048	169.9524
362.4286	169.9524
362.4286	170.9762
363.4525	170.9762
364.4763	170.9762
365.5001	170.9762
365.5001	172.0000
366.5239	173.0238
367.5477	173.0238
367.5477	175.0715
369.5953	175.0715
369.5953	176.0953
371.6429	178.1429
372.6667	178.1429
374.7144	180.1905
375.7382	180.1905
376.7620	180.1905
376.7620	182.2381
377.7858	183.2619
379.8334	183.2619
380.8572	184.2857
381.8810	185.3096
383.9286	185.3096
383.9286	186.3334
383.9286	187.3572
384.9525	187.3572
385.9763	187.3572
385.9763	189.4048
387.0001	189.4048
387.0001	190.4286
388.0239	190.4286
388.0239	192.4762
389.0477	192.4762
389.0477	193.5000
390.0715	193.5000
391.0953	193.5000
393.1429	194.5238
394.1667	194.5238
396.2144	195.5477
397.2382	195.5477
397.2382	196.5715
397.2382	195.5477
397.2382	193.5000
397.2382	192.4762
397.2382	191.4524
397.2382	190.4286
397.2382	189.4048
397.2382	188.3810
397.2382	187.3572
397.2382	186.3334
397.2382	185.3096
397.2382	184.2857
397.2382	183.2619
397.2382	182.2381
397.2382	181.2143
397.2382	180.1905
397.2382	179.1667
398.2620	179.1667
398.2620	178.1429
399.2858	178.1429
399.2858	176.0953
400.3096	176.0953
400.3096	175.0715
401.3334	175.0715
402.3572	175.0715
403.3810	175.0715
404.4048	175.0715
405.4286	175.0715
406.4525	175.0715
407.4763	175.0715
409.5239	175.0715
410.5477	175.0715
412.5953	175.0715
414.6429	175.0715
415.6667	175.0715
416.6906	175.0715
417.7144	175.0715
419.7620	175.0715
420.7858	175.0715
421.8096	175.0715
421.8096	174.0477
421.8096	173.0238
421.8096	172.0000
421.8096	169.9524
420.7858	168.9286
420.7858	166.8810
420.7858	165.8572
420.7858	164.8334
420.7858	163.8096
418.7382	163.8096
418.7382	162.7857
418.7382	161.7619
417.7144	159.7143
417.7144	158.6905
417.7144	157.6667
417.7144	156.6429
417.7144	155.6191
417.7144	154.5953
416.6906	154.5953
416.6906	153.5715
415.6667	153.5715
415.6667	152.5476
414.6429	151.5238
413.6191	150.5000
413.6191	149.4762
412.5953	149.4762
412.5953	148.4524
411.5715	148.4524
411.5715	147.4286
410.5477	146.4048
410.5477	145.3810
410.5477	144.3572
409.5239	144.3572
409.5239	143.3334
408.5001	142.3096
408.5001	141.2857
408.5001	140.2619
406.4525	140.2619
406.4525	139.2381
406.4525	138.2143
405.4286	138.2143
405.4286	137.1905
405.4286	136.1667
405.4286	135.1429
404.4048	135.1429
404.4048	134.1191
404.4048	133.0953
403.3810	133.0953
403.3810	132.0715
403.3810	131.0476
402.3572	130.0238
402.3572	129.0000
402.3572	127.9762
400.3096	127.9762
400.3096	126.9524
399.2858	126.9524
399.2858	125.9286
399.2858	124.9048
399.2858	123.8810
398.2620	123.8810
398.2620	121.8334
398.2620	120.8095
398.2620	119.7857
398.2620	118.7619
396.2144	118.7619
396.2144	117.7381
396.2144	115.6905
396.2144	113.6429
396.2144	112.6191
396.2144	111.5953
396.2144	109.5476
396.2144	108.5238
396.2144	107.5000
396.2144	106.4762
396.2144	105.4524
396.2144	104.4286
396.2144	103.4048
396.2144	102.3810
394.1667	102.3810
394.1667	101.3572
394.1667	100.3334
395.1906	100.3334
396.2144	101.3572
397.2382	101.3572
397.2382	102.3810
397.2382	104.4286
398.2620	104.4286
400.3096	105.4524
400.3096	107.5000
402.3572	107.5000
403.3810	108.5238
404.4048	108.5238
404.4048	109.5476
406.4525	109.5476
406.4525	110.5714
408.5001	111.5953
408.5001	112.6191
410.5477	112.6191
411.5715	112.6191
411.5715	113.6429
412.5953	113.6429
413.6191	113.6429
414.6429	114.6667
415.6667	115.6905
416.6906	115.6905
416.6906	116.7143
418.7382	118.7619
419.7620	118.7619
420.7858	119.7857
422.8334	121.8334
424.8810	121.8334
424.8810	122.8572
425.9048	122.8572
425.9048	123.8810
426.9287	123.8810
427.9525	124.9048
427.9525	125.9286
428.9763	125.9286
430.0001	125.9286
431.0239	127.9762
432.0477	129.0000
434.0953	130.0238
434.0953	131.0476
434.0953	134.1191
435.1191	135.1429
437.1667	136.1667
437.1667	137.1905
439.2144	138.2143
439.2144	139.2381
440.2382	140.2619
440.2382	141.2857
440.2382	142.3096
441.2620	142.3096
441.2620	143.3334
441.2620	144.3572
441.2620	145.3810
441.2620	146.4048
441.2620	145.3810
441.2620	144.3572
441.2620	143.3334
441.2620	142.3096
441.2620	141.2857
441.2620	139.2381
441.2620	138.2143
441.2620	135.1429
441.2620	132.0715
441.2620	129.0000
441.2620	126.9524
441.2620	123.8810
442.2858	121.8334
442.2858	120.8095
442.2858	119.7857
442.2858	118.7619
443.3096	118.7619
443.3096	117.7381
443.3096	116.7143
443.3096	115.6905
444.3334	115.6905
444.3334	114.6667
446.3810	113.6429
446.3810	112.6191
446.3810	111.5953
447.4048	110.5714
448.4287	109.5476
448.4287	108.5238
450.4763	108.5238
450.4763	107.5000
452.5239	106.4762
453.5477	104.4286
455.5953	103.4048
455.5953	102.3810
457.6429	100.3334
458.6668	100.3334
459.6906	98.2857
461.7382	97.2619
462.7620	97.2619
463.7858	97.2619
463.7858	96.2381
464.8096	96.2381
465.8334	95.2143
466.8572	95.2143
467.8810	94.1905
469.9287	93.1667
469.9287	92.1429
470.9525	92.1429
470.9525	91.1191
471.9763	91.1191
471.9763	90.0953
471.9763	89.0714
474.0239	89.0714
474.0239	88.0476
475.0477	88.0476
476.0715	87.0238
477.0953	87.0238
477.0953	86.0000
478.1191	84.9762
479.1429	84.9762
480.1668	84.9762
480.1668	83.9524
481.1906	83.9524
481.1906	84.9762
482.2144	86.0000
482.2144	87.0238
482.2144	88.0476
483.2382	88.0476
483.2382	89.0714
484.2620	89.0714
485.2858	89.0714
486.3096	89.0714
487.3334	88.0476
488.3572	88.0476
489.3810	88.0476
489.3810	87.0238
490.4049	88.0476
490.4049	89.0714
492.4525	90.0953
492.4525	91.1191
492.4525	92.1429
492.4525	93.1667
493.4763	95.2143
493.4763	96.2381
493.4763	97.2619
495.5239	97.2619
495.5239	98.2857
495.5239	99.3095
495.5239	100.3334
495.5239	101.3572
495.5239	102.3810
496.5477	102.3810
497.5715	101.3572
498.5953	100.3334
499.6191	99.3095
499.6191	98.2857
500.6430	98.2857
500.6430	97.2619
501.6668	97.2619
502.6906	97.2619
503.7144	97.2619
504.7382	97.2619
505.7620	97.2619
506.7858	97.2619
506.7858	95.2143
507.8096	95.2143
508.8334	95.2143
509.8572	95.2143
509.8572	96.2381
509.8572	98.2857
510.8810	98.2857
510.8810	100.3334
510.8810	101.3572
510.8810	102.3810
510.8810	103.4048
510.8810	104.4286
510.8810	105.4524
510.8810	106.4762
510.8810	107.5000
510.8810	108.5238
510.8810	109.5476
510.8810	110.5714
510.8810	111.5953
510.8810	112.6191
510.8810	113.6429
509.8572	114.6667
509.8572	115.6905
509.8572	116.7143
508.8334	116.7143
508.8334	117.7381
508.8334	119.7857
508.8334	120.8095
508.8334	121.8334
508.8334	122.8572
508.8334	123.8810
508.8334	124.9048
508.8334	125.9286
508.8334	127.9762
508.8334	129.0000
507.8096	130.0238
507.8096	131.0476
507.8096	132.0715
507.8096	133.0953
507.8096	134.1191
507.8096	135.1429
507.8096	136.1667
507.8096	137.1905
507.8096	138.2143
507.8096	139.2381
507.8096	140.2619
507.8096	141.2857
507.8096	142.3096
507.8096	143.3334
507.8096	144.3572
507.8096	145.3810
507.8096	146.4048
507.8096	147.4286
507.8096	148.4524
507.8096	149.4762
507.8096	151.5238
507.8096	153.5715
507.8096	154.5953
507.8096	156.6429
507.8096	157.6667
507.8096	159.7143
506.7858	160.7381
506.7858	162.7857
506.7858	163.8096
506.7858	165.8572
505.7620	165.8572
505.7620	167.9048
505.7620	168.9286
505.7620	170.9762
505.7620	172.0000
504.7382	173.0238
504.7382	174.0477
504.7382	175.0715
504.7382	176.0953
504.7382	177.1191
502.6906	177.1191
502.6906	178.1429
502.6906	179.1667
502.6906	180.1905
502.6906	181.2143
502.6906	182.2381
502.6906	183.2619
502.6906	184.2857
502.6906	186.3334
503.7144	187.3572
503.7144	188.3810
503.7144	190.4286
504.7382	190.4286
504.7382	191.4524
504.7382	192.4762
504.7382	193.5000
504.7382	194.5238
504.7382	195.5477
506.7858	195.5477
506.7858	196.5715
507.8096	197.5953
507.8096	198.6191
507.8096	200.6667
508.8334	201.6905
509.8572	201.6905
510.8810	201.6905
511.9049	201.6905
512.9287	201.6905
512.9287	203.7381
513.9525	203.7381
514.9763	203.7381
517.0239	203.7381
518.0477	203.7381
519.0715	204.7619
521.1191	204.7619
523.1668	204.7619
525.2144	205.7858
527.2620	205.7858
528.2858	205.7858
530.3334	205.7858
531.3572	205.7858
533.4049	205.7858
533.4049	207.8334
534.4287	207.8334
535.4525	207.8334
536.4763	207.8334
538.5239	207.8334
539.5477	207.8334
541.5953	207.8334
542.6192	207.8334
543.6430	207.8334
544.6668	207.8334
545.6906	207.8334
547.7382	207.8334
548.7620	206.8096
550.8096	206.8096
552.8572	205.7858
554.9049	205.7858
556.9525	205.7858
557.9763	204.7619
560.0239	204.7619
561.0477	202.7143
562.0715	202.7143
563.0953	202.7143
564.1192	202.7143
564.1192	201.6905
566.1668	201.6905
567.1906	200.6667
568.2144	200.6667
568.2144	199.6429
569.2382	198.6191
570.2620	198.6191
570.2620	197.5953
572.3096	197.5953
572.3096	196.5715
573.3334	196.5715
574.3573	195.5477
575.3811	195.5477
575.3811	194.5238
576.4049	194.5238
577.4287	194.5238
577.4287	192.4762
578.4525	192.4762
579.4763	191.4524
580.5001	191.4524
580.5001	190.4286
581.5239	190.4286
581.5239	189.4048
582.5477	189.4048
582.5477	188.3810
584.5953	188.3810
584.5953	187.3572
584.5953	186.3334
585.6192	186.3334
585.6192	185.3096
585.6192	184.2857
585.6192	183.2619
585.6192	182.2381
584.5953	182.2381
584.5953	181.2143
583.5715	180.1905
583.5715	179.1667
583.5715	178.1429
583.5715	176.0953
582.5477	175.0715
582.5477	174.0477
582.5477	173.0238
582.5477	172.0000
582.5477	170.9762
582.5477	168.9286
582.5477	167.9048
582.5477	166.8810
582.5477	164.8334
582.5477	162.7857
581.5239	161.7619
581.5239	160.7381
581.5239	159.7143
581.5239	158.6905
581.5239	157.6667
581.5239	156.6429
581.5239	155.6191
581.5239	154.5953
581.5239	153.5715
581.5239	152.5476
581.5239	151.5238
581.5239	150.5000
581.5239	149.4762
581.5239	148.4524
581.5239	147.4286
581.5239	146.4048
581.5239	145.3810
581.5239	143.3334
581.5239	142.3096
581.5239	140.2619
581.5239	139.2381
581.5239	137.1905
581.5239	136.1667
581.5239	134.1191
581.5239	133.0953
581.5239	131.0476
581.5239	129.0000
581.5239	127.9762
581.5239	126.9524
581.5239	125.9286
581.5239	124.9048
581.5239	123.8810
581.5239	122.8572
581.5239	121.8334
581.5239	120.8095
581.5239	119.7857
581.5239	118.7619
581.5239	117.7381
581.5239	116.7143
581.5239	115.6905
581.5239	114.6667
581.5239	112.6191
581.5239	111.5953
581.5239	110.5714
581.5239	109.5476
581.5239	108.5238
581.5239	106.4762
580.5001	105.4524
580.5001	103.4048
580.5001	102.3810
580.5001	101.3572
580.5001	100.3334
580.5001	98.2857
580.5001	96.2381
580.5001	95.2143
580.5001	94.1905
580.5001	93.1667
580.5001	92.1429
580.5001	91.1191
580.5001	90.0953
580.5001	89.0714
580.5001	88.0476
580.5001	89.0714
580.5001	90.0953
580.5001	91.1191
580.5001	92.1429
582.5477	94.1905
582.5477	95.2143
582.5477	96.2381
582.5477	97.2619
582.5477	98.2857
583.5715	98.2857
583.5715	99.3095
583.5715	100.3334
583.5715	101.3572
583.5715	102.3810
584.5953	103.4048
584.5953	104.4286
584.5953	105.4524
584.5953	107.5000
585.6192	108.5238
585.6192	109.5476
585.6192	110.5714
585.6192	111.5953
586.6430	111.5953
586.6430	113.6429
587.6668	114.6667
589.7144	114.6667
590.7382	115.6905
590.7382	116.7143
591.7620	116.7143
592.7858	117.7381
592.7858	118.7619
593.8096	118.7619
593.8096	119.7857
594.8334	119.7857
594.8334	120.8095
594.8334	122.8572
595.8573	122.8572
595.8573	123.8810
597.9049	123.8810
597.9049	124.9048
597.9049	125.9286
597.9049	126.9524
597.9049	127.9762
598.9287	127.9762
598.9287	129.0000
598.9287	130.0238
598.9287	131.0476
598.9287	132.0715
598.9287	134.1191
598.9287	135.1429
598.9287	136.1667
598.9287	137.1905
598.9287	138.2143
598.9287	139.2381
598.9287	140.2619
598.9287	141.2857
598.9287	142.3096
598.9287	143.3334
596.8811	143.3334
596.8811	145.3810
596.8811	146.4048
596.8811	147.4286
597.9049	147.4286
598.9287	147.4286
599.9525	147.4286
600.9763	147.4286
602.0001	147.4286
603.0239	147.4286
604.0477	147.4286
605.0715	147.4286
606.0954	147.4286
607.1192	147.4286
608.1430	148.4524
609.1668	150.5000
611.2144	150.5000
611.2144	152.5476
613.2620	153.5715
613.2620	154.5953
614.2858	156.6429
614.2858	157.6667
614.2858	160.7381
615.3096	161.7619
615.3096	163.8096
616.3335	164.8334
616.3335	166.8810
616.3335	167.9048
617.3573	167.9048
617.3573	168.9286
617.3573	169.9524
618.3811	169.9524
619.4049	170.9762
620.4287	170.9762
621.4525	170.9762
621.4525	172.0000
623.5001	172.0000
624.5239	172.0000
625.5477	172.0000
626.5715	172.0000
627.5954	172.0000
628.6192	172.0000
629.6430	172.0000
629.6430	170.9762
630.6668	170.9762
630.6668	168.9286
630.6668	167.9048
631.6906	167.9048
631.6906	166.8810
631.6906	165.8572
631.6906	164.8334
631.6906	163.8096
631.6906	162.7857
633.7382	161.7619
633.7382	160.7381
633.7382	159.7143
634.7620	158.6905
634.7620	157.6667
634.7620	155.6191
634.7620	154.5953
636.8096	152.5476
636.8096	151.5238
638.8573	150.5000
639.8811	149.4762
639.8811	148.4524
639.8811	147.4286
640.9049	146.4048
642.9525	144.3572
643.9763	141.2857
646.0239	137.1905
648.0716	136.1667
649.0954	133.0953
651.1430	132.0715
652.1668	130.0238
653.1906	126.9524
655.2382	126.9524
656.2620	124.9048
657.2858	123.8810
657.2858	122.8572
657.2858	121.8334
659.3335	121.8334
660.3573	119.7857
662.4049	118.7619
663.4287	116.7143
665.4763	115.6905
666.5001	114.6667
666.5001	113.6429
667.5239	113.6429
668.5477	113.6429
668.5477	111.5953
669.5716	111.5953
670.5954	110.5714
670.5954	109.5476
672.6430	109.5476
672.6430	108.5238
672.6430	106.4762
674.6906	106.4762
675.7144	104.4286
675.7144	103.4048
675.7144	102.3810
676.7382	101.3572
676.7382	100.3334
677.7620	100.3334
677.7620	98.2857
677.7620	97.2619
677.7620	96.2381
678.7858	93.1667
680.8335	90.0953
680.8335	88.0476
680.8335	86.0000
681.8573	83.9524
681.8573	81.9048
682.8811	79.8572
682.8811	78.8333
682.8811	77.8095
683.9049	75.7619
683.9049	74.7381
683.9049	73.7143
683.9049	72.6905
683.9049	71.6667
683.9049	70.6429
683.9049	69.6191
683.9049	68.5953
683.9049	65.5238
683.9049	64.5000
683.9049	61.4286
683.9049	58.3572
683.9049	57.3333
683.9049	55.2857
683.9049	52.2143
683.9049	49.1429
683.9049	45.0476
683.9049	41.9762
683.9049	40.9524
683.9049	38.9048
683.9049	37.8810
683.9049	36.8571
683.9049	35.8333
683.9049	34.8095
683.9049	33.7857
683.9049	31.7381
683.9049	30.7143
683.9049	28.6667
683.9049	27.6429
683.9049	26.6191
683.9049	25.5952
683.9049	24.5714
683.9049	23.5476
684.9287	23.5476
686.9763	25.5952
689.0239	26.6191
691.0716	28.6667
692.0954	28.6667
692.0954	30.7143
693.1192	31.7381
694.1430	31.7381
694.1430	32.7619
694.1430	33.7857
694.1430	34.8095
696.1906	34.8095
696.1906	36.8571
697.2144	36.8571
697.2144	37.8810
697.2144	38.9048
697.2144	40.9524
697.2144	41.9762
697.2144	43.0000
697.2144	44.0238
699.2620	44.0238
699.2620	46.0714
699.2620	47.0952
699.2620	48.1191
699.2620	50.1667
699.2620	51.1905
699.2620	52.2143
700.2858	53.2381
700.2858	55.2857
700.2858	56.3095
700.2858	58.3572
700.2858	59.3810
701.3097	61.4286
701.3097	62.4524
701.3097	63.4762
701.3097	64.5000
701.3097	65.5238
701.3097	66.5476
701.3097	67.5714
701.3097	68.5953
701.3097	69.6191
702.3335	70.6429
702.3335	71.6667
702.3335	72.6905
703.3573	72.6905
703.3573	74.7381
705.4049	75.7619
706.4287	76.7857
706.4287	77.8095
706.4287	78.8333
706.4287	79.8572
706.4287	80.8810
706.4287	82.9286
706.4287	83.9524
706.4287	86.0000
706.4287	88.0476
706.4287	89.0714
706.4287	90.0953
706.4287	91.1191
706.4287	92.1429
706.4287	94.1905
707.4525	94.1905
707.4525	96.2381
707.4525	97.2619
707.4525	99.3095
708.4763	99.3095
708.4763	101.3572
708.4763	102.3810
708.4763	103.4048
708.4763	105.4524
708.4763	106.4762
708.4763	107.5000
708.4763	108.5238
708.4763	109.5476
708.4763	110.5714
708.4763	111.5953
708.4763	113.6429
708.4763	115.6905
708.4763	116.7143
708.4763	117.7381
708.4763	118.7619
708.4763	120.8095
708.4763	121.8334
708.4763	122.8572
708.4763	124.9048
708.4763	127.9762
708.4763	130.0238
708.4763	131.0476
708.4763	132.0715
708.4763	133.0953
708.4763	134.1191
708.4763	135.1429
706.4287	135.1429
706.4287	136.1667
706.4287	137.1905
706.4287	138.2143
706.4287	139.2381
706.4287	140.2619
706.4287	141.2857
706.4287	143.3334
706.4287	145.3810
706.4287	146.4048
706.4287	148.4524
706.4287	149.4762
706.4287	150.5000
706.4287	151.5238
706.4287	152.5476
706.4287	153.5715
706.4287	154.5953
706.4287	156.6429
706.4287	158.6905
706.4287	159.7143
706.4287	162.7857
706.4287	164.8334
706.4287	167.9048
706.4287	170.9762
706.4287	174.0477
706.4287	177.1191
707.4525	180.1905
707.4525	181.2143
707.4525	183.2619
707.4525	185.3096
707.4525	186.3334
707.4525	188.3810
707.4525	189.4048
707.4525	190.4286
707.4525	191.4524
707.4525	193.5000
707.4525	194.5238
708.4763	197.5953
708.4763	198.6191
708.4763	200.6667
708.4763	201.6905
708.4763	202.7143
708.4763	204.7619
708.4763	205.7858
708.4763	206.8096
708.4763	207.8334
708.4763	208.8572
708.4763	209.8810
708.4763	211.9286
708.4763	212.9524
708.4763	215.0000
708.4763	218.0715
708.4763	221.1429
708.4763	223.1905
708.4763	224.2143
708.4763	226.2619
708.4763	228.3096
708.4763	229.3334
708.4763	231.3810
708.4763	232.4048
708.4763	234.4524
708.4763	235.4762
708.4763	237.5239
708.4763	238.5477
708.4763	239.5715
708.4763	240.5953
708.4763	241.6191
708.4763	242.6429
708.4763	243.6667
708.4763	244.6905
709.5001	245.7143
709.5001	246.7381
709.5001	247.7620
709.5001	248.7858
709.5001	249.8096
709.5001	250.8334
709.5001	251.8572
709.5001	253.9048
709.5001	254.9286
709.5001	255.9524
709.5001	256.9762
709.5001	258.0000
709.5001	259.0239
709.5001	260.0477
709.5001	261.0715
709.5001	263.1191
709.5001	264.1429
709.5001	267.2143
709.5001	270.2858
709.5001	272.3334
709.5001	275.4048
709.5001	277.4524
710.5239	278.4762
710.5239	280.5239
710.5239	281.5477
710.5239	283.5953
710.5239	284.6191
710.5239	285.6429
710.5239	286.6667
710.5239	287.6905
710.5239	288.7143
710.5239	290.7620
710.5239	292.8096
710.5239	293.8334
710.5239	295.8810
710.5239	298.9524
710.5239	302.0239
710.5239	303.0477
710.5239	305.0953
710.5239	308.1667
710.5239	309.1905
710.5239	311.2382
710.5239	313.2858
710.5239	315.3334
710.5239	316.3572
710.5239	319.4286
710.5239	322.5001
710.5239	324.5477
710.5239	327.6191
710.5239	330.6905
710.5239	333.7620
710.5239	336.8334
710.5239	339.9048
709.5001	342.9763
709.5001	346.0477
709.5001	349.1191
709.5001	351.1667
709.5001	353.2144
709.5001	354.2382
709.5001	356.2858
709.5001	357.3096
709.5001	359.3572
709.5001	360.3810
709.5001	361.4048
709.5001	362.4286
709.5001	363.4525
709.5001	364.4763
709.5001	366.5239
709.5001	367.5477
709.5001	368.5715
709.5001	369.5953
709.5001	370.6191
709.5001	371.6429
709.5001	372.6667
709.5001	374.7144
708.4763	375.7382
708.4763	377.7858
708.4763	379.8334
708.4763	381.8810
708.4763	384.9525
708.4763	387.0001
708.4763	388.0239
708.4763	390.0715
708.4763	391.0953
708.4763	392.1191
706.4287	392.1191
706.4287	393.1429
706.4287	394.1667
706.4287	395.1906
706.4287	396.2144
706.4287	397.2382
706.4287	399.2858
706.4287	400.3096
706.4287	401.3334
706.4287	404.4048
706.4287	405.4286
706.4287	408.5001
706.4287	410.5477
706.4287	412.5953
706.4287	413.6191
706.4287	416.6906
706.4287	417.7144
706.4287	419.7620
706.4287	420.7858
706.4287	421.8096
706.4287	422.8334
706.4287	423.8572
706.4287	424.8810
706.4287	425.9048
706.4287	427.9525
706.4287	428.9763
706.4287	431.0239
706.4287	433.0715
706.4287	434.0953
706.4287	436.1429
706.4287	437.1667
706.4287	439.2144
706.4287	440.2382
706.4287	442.2858
706.4287	443.3096
706.4287	445.3572
706.4287	446.3810
706.4287	448.4287
706.4287	450.4763
706.4287	451.5001
706.4287	452.5239
706.4287	454.5715
706.4287	457.6429
706.4287	460.7144
706.4287	462.7620
706.4287	465.8334
708.4763	468.9049
708.4763	474.0239
708.4763	478.1191
708.4763	481.1906
708.4763	483.2382
708.4763	484.2620
708.4763	486.3096
708.4763	487.3334
708.4763	488.3572
708.4763	489.3810
708.4763	490.4049
708.4763	491.4287
708.4763	492.4525
708.4763	493.4763
708.4763	494.5001
708.4763	495.5239
708.4763	497.5715
708.4763	498.5953
708.4763	500.6430
708.4763	501.6668
708.4763	502.6906
708.4763	504.7382
708.4763	505.7620
708.4763	506.7858
708.4763	507.8096
708.4763	508.8334
708.4763	509.8572
708.4763	510.8810
708.4763	511.9049
708.4763	512.9287
708.4763	513.9525
708.4763	514.9763
708.4763	516.0001
708.4763	517.0239
708.4763	518.0477
708.4763	519.0715
708.4763	520.0953
708.4763	521.1191
708.4763	522.1430
708.4763	523.1668
708.4763	524.1906
708.4763	525.2144
708.4763	526.2382
708.4763	527.2620
707.4525	527.2620
707.4525	528.2858
706.4287	528.2858
706.4287	529.3096
705.4049	529.3096
704.3811	529.3096
704.3811	530.3334
703.3573	530.3334
702.3335	530.3334
701.3097	530.3334
700.2858	530.3334
699.2620	530.3334
698.2382	530.3334
697.2144	530.3334
696.1906	530.3334
695.1668	530.3334
694.1430	530.3334
693.1192	530.3334
692.0954	530.3334
691.0716	530.3334
690.0478	530.3334
689.0239	530.3334
688.0001	530.3334
686.9763	530.3334
685.9525	530.3334
685.9525	532.3811
683.9049	532.3811
682.8811	532.3811
681.8573	532.3811
679.8097	532.3811
678.7858	532.3811
675.7144	532.3811
672.6430	532.3811
670.5954	532.3811
667.5239	532.3811
665.4763	532.3811
660.3573	532.3811
657.2858	532.3811
656.2620	532.3811
655.2382	532.3811
654.2144	532.3811
653.1906	532.3811
652.1668	532.3811
651.1430	532.3811
650.1192	532.3811
649.0954	532.3811
648.0716	532.3811
647.0477	532.3811
646.0239	532.3811
645.0001	532.3811
642.9525	532.3811
641.9287	532.3811
640.9049	532.3811
639.8811	532.3811
637.8335	532.3811
636.8096	532.3811
634.7620	532.3811
633.7382	532.3811
631.6906	532.3811
629.6430	532.3811
628.6192	532.3811
626.5715	532.3811
625.5477	532.3811
622.4763	532.3811
619.4049	532.3811
615.3096	532.3811
612.2382	532.3811
611.2144	532.3811
609.1668	532.3811
608.1430	532.3811
606.0954	532.3811
605.0715	532.3811
604.0477	532.3811
603.0239	532.3811
600.9763	532.3811
599.9525	532.3811
596.8811	532.3811
593.8096	532.3811
590.7382	532.3811
589.7144	532.3811
588.6906	532.3811
587.6668	532.3811
586.6430	532.3811
585.6192	532.3811
584.5953	532.3811
582.5477	532.3811
581.5239	532.3811
580.5001	532.3811
579.4763	532.3811
578.4525	532.3811
576.4049	532.3811
575.3811	532.3811
573.3334	532.3811
572.3096	532.3811
570.2620	532.3811
569.2382	532.3811
567.1906	532.3811
565.1430	532.3811
564.1192	532.3811
563.0953	532.3811
562.0715	532.3811
561.0477	532.3811
560.0239	532.3811
557.9763	532.3811
556.9525	532.3811
554.9049	532.3811
553.8811	532.3811
551.8334	532.3811
546.7144	532.3811
543.6430	532.3811
540.5715	530.3334
537.5001	530.3334
536.4763	530.3334
534.4287	530.3334
532.3811	530.3334
531.3572	530.3334
529.3096	530.3334
528.2858	530.3334
527.2620	530.3334
525.2144	530.3334
524.1906	528.2858
522.1430	528.2858
520.0953	528.2858
519.0715	528.2858
517.0239	528.2858
516.0001	528.2858
512.9287	528.2858
510.8810	528.2858
507.8096	528.2858
502.6906	528.2858
499.6191	528.2858
496.5477	528.2858
494.5001	528.2858
493.4763	528.2858
492.4525	528.2858
490.4049	528.2858
489.3810	527.2620
488.3572	527.2620
487.3334	527.2620
485.2858	527.2620
484.2620	527.2620
483.2382	527.2620
482.2144	527.2620
480.1668	527.2620
479.1429	527.2620
477.0953	527.2620
475.0477	527.2620
473.0001	527.2620
469.9287	527.2620
466.8572	527.2620
463.7858	527.2620
460.7144	527.2620
458.6668	528.2858
456.6191	528.2858
455.5953	528.2858
453.5477	528.2858
452.5239	528.2858
451.5001	528.2858
449.4525	528.2858
447.4048	528.2858
446.3810	528.2858
445.3572	528.2858
442.2858	528.2858
441.2620	528.2858
438.1906	528.2858
435.1191	528.2858
432.0477	528.2858
428.9763	529.3096
423.8572	529.3096
421.8096	529.3096
420.7858	529.3096
418.7382	530.3334
417.7144	530.3334
416.6906	530.3334
415.6667	530.3334
414.6429	530.3334
413.6191	530.3334
411.5715	530.3334
409.5239	530.3334
408.5001	530.3334
406.4525	530.3334
405.4286	530.3334
403.3810	530.3334
402.3572	530.3334
401.3334	530.3334
400.3096	530.3334
399.2858	530.3334
397.2382	530.3334
396.2144	530.3334
394.1667	530.3334
392.1191	530.3334
391.0953	530.3334
389.0477	530.3334
385.9763	530.3334
384.9525	530.3334
382.9048	530.3334
380.8572	530.3334
378.8096	530.3334
375.7382	530.3334
372.6667	530.3334
369.5953	530.3334
367.5477	530.3334
365.5001	530.3334
364.4763	530.3334
363.4525	530.3334
361.4048	530.3334
360.3810	530.3334
359.3572	530.3334
358.3334	530.3334
356.2858	530.3334
354.2382	530.3334
352.1905	530.3334
349.1191	530.3334
346.0477	530.3334
345.0239	530.3334
342.9763	530.3334
339.9048	530.3334
334.7858	530.3334
328.6429	530.3334
320.4524	531.3572
314.3096	531.3572
310.2143	531.3572
307.1429	531.3572
306.1191	531.3572
305.0953	531.3572
304.0715	531.3572
303.0477	531.3572
302.0239	531.3572
301.0001	531.3572
298.9524	531.3572
297.9286	531.3572
295.8810	531.3572
293.8334	531.3572
292.8096	531.3572
289.7382	531.3572
287.6905	531.3572
284.6191	531.3572
282.5715	531.3572
280.5239	531.3572
277.4524	531.3572
272.3334	531.3572
268.2381	531.3572
265.1667	531.3572
263.1191	531.3572
261.0715	531.3572
260.0477	531.3572
258.0000	531.3572
256.9762	531.3572
254.9286	531.3572
253.9048	531.3572
251.8572	531.3572
248.7858	531.3572
247.7620	531.3572
245.7143	531.3572
244.6905	531.3572
242.6429	531.3572
241.6191	531.3572
238.5477	531.3572
236.5000	531.3572
234.4524	531.3572
231.3810	531.3572
227.2858	531.3572
222.1667	531.3572
218.0715	531.3572
213.9762	531.3572
211.9286	531.3572
210.9048	530.3334
208.8572	530.3334
207.8334	530.3334
206.8096	530.3334
204.7619	530.3334
203.7381	530.3334
202.7143	530.3334
200.6667	530.3334
198.6191	530.3334
197.5953	530.3334
195.5477	530.3334
194.5238	530.3334
193.5000	530.3334
192.4762	530.3334
191.4524	530.3334
190.4286	530.3334
189.4048	530.3334
187.3572	530.3334
184.2857	530.3334
183.2619	530.3334
181.2143	530.3334
179.1667	530.3334
176.0953	530.3334
172.0000	530.3334
166.8810	530.3334
162.7857	530.3334
160.7381	530.3334
157.6667	530.3334
156.6429	530.3334
154.5953	530.3334
153.5715	530.3334
151.5238	530.3334
150.5000	530.3334
148.4524	530.3334
146.4048	530.3334
145.3810	530.3334
142.3096	530.3334
140.2619	530.3334
136.1667	530.3334
135.1429	530.3334
133.0953	530.3334
130.0238	530.3334
126.9524	530.3334
124.9048	530.3334
121.8334	530.3334
119.7857	530.3334
118.7619	530.3334
117.7381	530.3334
116.7143	530.3334
115.6905	530.3334
114.6667	530.3334
113.6429	530.3334
112.6191	530.3334
111.5953	530.3334
110.5714	530.3334
107.5000	531.3572
105.4524	531.3572
102.3810	531.3572
99.3095	531.3572
96.2381	531.3572
94.1905	531.3572
91.1191	531.3572
89.0714	531.3572
87.0238	531.3572
86.0000	531.3572
83.9524	531.3572
82.9286	531.3572
81.9048	531.3572
80.8810	532.3811
79.8572	532.3811
77.8095	532.3811
76.7857	532.3811
75.7619	532.3811
73.7143	532.3811
71.6667	532.3811
70.6429	532.3811
69.6191	532.3811
68.5953	532.3811
67.5714	532.3811
65.5238	532.3811
63.4762	532.3811
60.4048	532.3811
59.3810	532.3811
57.3333	532.3811
56.3095	532.3811
55.2857	532.3811
54.2619	532.3811
53.2381	532.3811
52.2143	532.3811
51.1905	532.3811
50.1667	532.3811
49.1429	532.3811
48.1191	532.3811
47.0952	532.3811
46.0714	532.3811
45.0476	532.3811
45.0476	531.3572
45.0476	530.3334
45.0476	529.3096
45.0476	528.2858
45.0476	527.2620
45.0476	526.2382
