372.6667	219.0953
371.6429	218.0715
369.5953	218.0715
368.5715	217.0477
367.5477	217.0477
366.5239	216.0239
365.5001	216.0239
364.4763	216.0239
363.4525	216.0239
361.4048	216.0239
360.3810	216.0239
358.3334	216.0239
357.3096	216.0239
355.2620	216.0239
354.2382	216.0239
352.1905	216.0239
351.1667	216.0239
351.1667	218.0715
350.1429	218.0715
349.1191	218.0715
349.1191	219.0953
348.0953	219.0953
348.0953	220.1191
347.0715	220.1191
347.0715	221.1429
346.0477	221.1429
346.0477	222.1667
346.0477	223.1905
345.0239	223.1905
345.0239	224.2143
344.0001	225.2381
342.9763	226.2619
341.9524	227.2858
341.9524	228.3096
340.9286	228.3096
340.9286	229.3334
339.9048	229.3334
339.9048	230.3572
338.8810	230.3572
337.8572	230.3572
336.8334	230.3572
336.8334	231.3810
335.8096	231.3810
334.7858	231.3810
333.7620	231.3810
333.7620	232.4048
332.7382	232.4048
331.7143	232.4048
330.6905	232.4048
328.6429	232.4048
327.6191	232.4048
326.5953	232.4048
325.5715	232.4048
324.5477	232.4048
324.5477	233.4286
323.5239	233.4286
323.5239	234.4524
321.4763	234.4524
320.4524	234.4524
320.4524	236.5000
320.4524	237.5239
319.4286	237.5239
319.4286	239.5715
318.4048	239.5715
317.3810	240.5953
316.3572	240.5953
316.3572	241.6191
315.3334	241.6191
314.3096	242.6429
312.2620	242.6429
311.2382	242.6429
311.2382	243.6667
309.1905	243.6667
309.1905	244.6905
309.1905	245.7143
310.2143	246.7381
310.2143	247.7620
310.2143	248.7858
311.2382	249.8096
311.2382	252.8810
311.2382	254.9286
313.2858	254.9286
313.2858	255.9524
313.2858	256.9762
314.3096	256.9762
316.3572	256.9762
317.3810	258.0000
317.3810	259.0239
318.4048	260.0477
320.4524	262.0953
321.4763	262.0953
321.4763	263.1191
322.5001	263.1191
322.5001	264.1429
322.5001	265.1667
322.5001	266.1905
321.4763	266.1905
321.4763	267.2143
320.4524	267.2143
320.4524	268.2381
319.4286	269.2620
319.4286	270.2858
319.4286	272.3334
319.4286	274.3810
319.4286	275.4048
319.4286	276.4286
319.4286	277.4524
319.4286	279.5001
320.4524	280.5239
322.5001	280.5239
322.5001	281.5477
324.5477	281.5477
325.5715	282.5715
326.5953	283.5953
326.5953	284.6191
327.6191	284.6191
329.6667	284.6191
329.6667	285.6429
329.6667	286.6667
329.6667	287.6905
331.7143	288.7143
331.7143	291.7858
332.7382	294.8572
332.7382	295.8810
334.7858	297.9286
335.8096	299.9762
335.8096	301.0001
336.8334	301.0001
337.8572	301.0001
338.8810	301.0001
339.9048	301.0001
340.9286	302.0239
340.9286	303.0477
341.9524	303.0477
341.9524	304.0715
344.0001	306.1191
345.0239	308.1667
345.0239	309.1905
346.0477	309.1905
347.0715	309.1905
347.0715	311.2382
348.0953	311.2382
349.1191	311.2382
350.1429	311.2382
351.1667	311.2382
353.2144	311.2382
354.2382	311.2382
355.2620	311.2382
356.2858	311.2382
358.3334	313.2858
359.3572	313.2858
361.4048	313.2858
362.4286	313.2858
364.4763	314.3096
365.5001	314.3096
366.5239	314.3096
367.5477	314.3096
368.5715	314.3096
369.5953	314.3096
370.6191	314.3096
371.6429	314.3096
373.6905	314.3096
374.7144	314.3096
375.7382	314.3096
376.7620	314.3096
377.7858	314.3096
378.8096	313.2858
378.8096	312.2620
379.8334	312.2620
379.8334	311.2382
379.8334	310.2143
380.8572	309.1905
380.8572	308.1667
380.8572	306.1191
380.8572	305.0953
380.8572	304.0715
380.8572	303.0477
380.8572	302.0239
381.8810	301.0001
381.8810	299.9762
381.8810	298.9524
382.9048	298.9524
382.9048	296.9048
382.9048	295.8810
382.9048	293.8334
384.9525	291.7858
384.9525	290.7620
384.9525	289.7382
384.9525	288.7143
384.9525	287.6905
384.9525	286.6667
384.9525	285.6429
384.9525	284.6191
384.9525	283.5953
384.9525	282.5715
384.9525	281.5477
384.9525	279.5001
384.9525	277.4524
385.9763	276.4286
385.9763	275.4048
385.9763	274.3810
387.0001	273.3572
387.0001	272.3334
387.0001	271.3096
388.0239	271.3096
388.0239	270.2858
388.0239	269.2620
389.0477	269.2620
389.0477	267.2143
389.0477	266.1905
389.0477	265.1667
390.0715	264.1429
390.0715	263.1191
390.0715	262.0953
391.0953	261.0715
392.1191	261.0715
392.1191	260.0477
393.1429	260.0477
393.1429	259.0239
394.1667	259.0239
395.1906	259.0239
396.2144	258.0000
396.2144	256.9762
398.2620	256.9762
398.2620	255.9524
399.2858	255.9524
399.2858	254.9286
400.3096	254.9286
400.3096	253.9048
400.3096	252.8810
400.3096	251.8572
400.3096	250.8334
400.3096	249.8096
400.3096	248.7858
401.3334	248.7858
401.3334	247.7620
401.3334	246.7381
402.3572	245.7143
402.3572	244.6905
404.4048	244.6905
405.4286	243.6667
406.4525	243.6667
406.4525	242.6429
407.4763	242.6429
407.4763	241.6191
408.5001	241.6191
408.5001	240.5953
409.5239	240.5953
409.5239	239.5715
409.5239	238.5477
409.5239	237.5239
409.5239	236.5000
409.5239	235.4762
410.5477	234.4524
410.5477	233.4286
410.5477	232.4048
410.5477	231.3810
410.5477	230.3572
408.5001	230.3572
408.5001	229.3334
407.4763	228.3096
406.4525	227.2858
405.4286	226.2619
404.4048	226.2619
402.3572	224.2143
401.3334	224.2143
400.3096	224.2143
399.2858	224.2143
398.2620	224.2143
397.2382	224.2143
396.2144	224.2143
395.1906	224.2143
395.1906	223.1905
394.1667	223.1905
393.1429	223.1905
391.0953	223.1905
390.0715	223.1905
389.0477	223.1905
388.0239	223.1905
387.0001	223.1905
387.0001	222.1667
387.0001	221.1429
387.0001	220.1191
387.0001	219.0953
387.0001	218.0715
387.0001	217.0477
387.0001	216.0239
387.0001	215.0000
387.0001	213.9762
385.9763	213.9762
385.9763	212.9524
384.9525	212.9524
384.9525	211.9286
383.9286	211.9286
382.9048	211.9286
382.9048	210.9048
381.8810	210.9048
380.8572	210.9048
379.8334	210.9048
378.8096	210.9048
377.7858	210.9048
376.7620	210.9048
375.7382	210.9048
374.7144	210.9048
373.6905	210.9048
372.6667	210.9048
371.6429	210.9048
370.6191	210.9048
370.6191	211.9286
370.6191	212.9524
370.6191	213.9762
370.6191	215.0000
370.6191	216.0239
370.6191	217.0477
