432.0477	2.0476
431.0239	2.0476
430.0001	2.0476
428.9763	3.0714
426.9287	6.1429
423.8572	7.1667
423.8572	8.1905
421.8096	9.2143
420.7858	9.2143
420.7858	10.2381
419.7620	11.2619
419.7620	12.2857
418.7382	12.2857
418.7382	13.3095
417.7144	13.3095
417.7144	14.3333
416.6906	14.3333
415.6667	14.3333
414.6429	14.3333
414.6429	16.3810
413.6191	16.3810
412.5953	16.3810
411.5715	16.3810
410.5477	16.3810
409.5239	16.3810
408.5001	16.3810
407.4763	16.3810
406.4525	16.3810
405.4286	16.3810
404.4048	16.3810
403.3810	16.3810
401.3334	16.3810
400.3096	16.3810
398.2620	16.3810
397.2382	16.3810
396.2144	16.3810
395.1906	16.3810
394.1667	15.3571
393.1429	15.3571
391.0953	15.3571
390.0715	15.3571
388.0239	14.3333
387.0001	14.3333
385.9763	14.3333
382.9048	14.3333
381.8810	14.3333
379.8334	14.3333
377.7858	14.3333
376.7620	14.3333
375.7382	14.3333
374.7144	14.3333
373.6905	14.3333
372.6667	14.3333
371.6429	14.3333
370.6191	13.3095
368.5715	13.3095
367.5477	13.3095
366.5239	13.3095
365.5001	11.2619
363.4525	11.2619
360.3810	11.2619
359.3572	10.2381
357.3096	10.2381
356.2858	10.2381
355.2620	10.2381
353.2144	10.2381
352.1905	10.2381
351.1667	9.2143
351.1667	8.1905
349.1191	8.1905
348.0953	8.1905
348.0953	6.1429
346.0477	6.1429
346.0477	5.1190
345.0239	5.1190
344.0001	5.1190
344.0001	4.0952
342.9763	4.0952
342.9763	3.0714
340.9286	3.0714
339.9048	3.0714
338.8810	3.0714
337.8572	3.0714
335.8096	3.0714
334.7858	3.0714
333.7620	3.0714
332.7382	3.0714
331.7143	3.0714
330.6905	3.0714
329.6667	3.0714
329.6667	5.1190
328.6429	5.1190
327.6191	5.1190
326.5953	5.1190
325.5715	5.1190
324.5477	5.1190
323.5239	6.1429
322.5001	6.1429
321.4763	6.1429
320.4524	6.1429
318.4048	6.1429
317.3810	6.1429
316.3572	6.1429
315.3334	6.1429
314.3096	6.1429
313.2858	6.1429
312.2620	6.1429
311.2382	6.1429
310.2143	6.1429
310.2143	5.1190
309.1905	5.1190
308.1667	4.0952
306.1191	4.0952
306.1191	3.0714
304.0715	2.0476
303.0477	1.0238
299.9762	1.0238
297.9286	0.0000
295.8810	0.0000
293.8334	0.0000
291.7858	0.0000
290.7620	0.0000
289.7382	0.0000
288.7143	0.0000
287.6905	0.0000
286.6667	0.0000
285.6429	0.0000
284.6191	0.0000
283.5953	0.0000
282.5715	0.0000
281.5477	0.0000
279.5001	0.0000
277.4524	0.0000
276.4286	0.0000
274.3810	0.0000
273.3572	0.0000
272.3334	0.0000
271.3096	0.0000
270.2858	0.0000
268.2381	0.0000
267.2143	0.0000
265.1667	0.0000
264.1429	0.0000
263.1191	0.0000
261.0715	0.0000
260.0477	0.0000
259.0239	0.0000
258.0000	0.0000
256.9762	0.0000
255.9524	0.0000
253.9048	0.0000
251.8572	0.0000
250.8334	0.0000
249.8096	0.0000
248.7858	0.0000
247.7620	0.0000
246.7381	0.0000
245.7143	0.0000
244.6905	0.0000
243.6667	0.0000
242.6429	0.0000
241.6191	0.0000
240.5953	0.0000
238.5477	0.0000
237.5239	0.0000
236.5000	0.0000
235.4762	0.0000
234.4524	0.0000
233.4286	0.0000
232.4048	0.0000
232.4048	1.0238
231.3810	1.0238
230.3572	1.0238
229.3334	1.0238
228.3096	1.0238
227.2858	1.0238
226.2619	1.0238
225.2381	1.0238
224.2143	2.0476
223.1905	2.0476
222.1667	2.0476
221.1429	2.0476
220.1191	2.0476
219.0953	2.0476
218.0715	2.0476
217.0477	2.0476
216.0239	2.0476
215.0000	2.0476
213.9762	2.0476
212.9524	3.0714
211.9286	3.0714
210.9048	3.0714
210.9048	4.0952
208.8572	4.0952
207.8334	4.0952
207.8334	5.1190
205.7858	5.1190
204.7619	6.1429
203.7381	6.1429
202.7143	6.1429
202.7143	7.1667
201.6905	7.1667
200.6667	7.1667
199.6429	7.1667
198.6191	7.1667
197.5953	7.1667
196.5715	7.1667
195.5477	8.1905
194.5238	8.1905
193.5000	10.2381
191.4524	10.2381
190.4286	11.2619
188.3810	11.2619
188.3810	13.3095
187.3572	13.3095
186.3334	13.3095
185.3096	13.3095
185.3096	14.3333
184.2857	14.3333
183.2619	14.3333
182.2381	14.3333
180.1905	14.3333
178.1429	14.3333
175.0715	14.3333
174.0477	14.3333
170.9762	14.3333
168.9286	14.3333
167.9048	14.3333
166.8810	14.3333
165.8572	14.3333
164.8334	14.3333
163.8096	14.3333
162.7857	14.3333
162.7857	15.3571
161.7619	15.3571
160.7381	14.3333
159.7143	14.3333
159.7143	13.3095
158.6905	13.3095
158.6905	12.2857
156.6429	12.2857
155.6191	12.2857
154.5953	12.2857
153.5715	12.2857
153.5715	11.2619
152.5476	11.2619
152.5476	10.2381
151.5238	10.2381
151.5238	9.2143
149.4762	9.2143
149.4762	8.1905
148.4524	7.1667
148.4524	6.1429
147.4286	6.1429
146.4048	6.1429
145.3810	6.1429
144.3572	6.1429
143.3334	6.1429
142.3096	6.1429
141.2857	6.1429
140.2619	6.1429
138.2143	6.1429
137.1905	6.1429
136.1667	6.1429
135.1429	6.1429
135.1429	8.1905
134.1191	8.1905
133.0953	8.1905
132.0715	8.1905
130.0238	8.1905
130.0238	7.1667
127.9762	7.1667
126.9524	7.1667
126.9524	5.1190
124.9048	5.1190
121.8334	5.1190
118.7619	5.1190
117.7381	5.1190
116.7143	5.1190
115.6905	5.1190
114.6667	5.1190
112.6191	3.0714
110.5714	2.0476
109.5476	2.0476
107.5000	2.0476
106.4762	2.0476
105.4524	2.0476
104.4286	2.0476
103.4048	3.0714
103.4048	4.0952
101.3572	4.0952
101.3572	5.1190
101.3572	6.1429
101.3572	7.1667
101.3572	8.1905
101.3572	9.2143
101.3572	10.2381
101.3572	12.2857
102.3810	12.2857
102.3810	13.3095
103.4048	14.3333
103.4048	15.3571
103.4048	16.3810
103.4048	17.4048
102.3810	18.4286
100.3334	18.4286
100.3334	19.4524
98.2857	19.4524
97.2619	21.5000
96.2381	21.5000
94.1905	21.5000
94.1905	22.5238
93.1667	22.5238
92.1429	23.5476
92.1429	24.5714
92.1429	25.5952
92.1429	26.6191
92.1429	27.6429
93.1667	27.6429
94.1905	27.6429
94.1905	29.6905
95.2143	29.6905
97.2619	29.6905
98.2857	29.6905
99.3095	29.6905
100.3334	29.6905
102.3810	29.6905
103.4048	29.6905
104.4286	29.6905
105.4524	29.6905
107.5000	29.6905
108.5238	29.6905
110.5714	29.6905
111.5953	29.6905
113.6429	29.6905
114.6667	29.6905
116.7143	29.6905
117.7381	29.6905
119.7857	29.6905
122.8572	29.6905
123.8810	29.6905
125.9286	29.6905
125.9286	30.7143
126.9524	30.7143
126.9524	32.7619
126.9524	33.7857
126.9524	34.8095
125.9286	35.8333
124.9048	36.8571
123.8810	37.8810
121.8334	39.9286
120.8095	40.9524
120.8095	41.9762
118.7619	41.9762
117.7381	43.0000
115.6905	44.0238
114.6667	45.0476
112.6191	45.0476
112.6191	46.0714
110.5714	47.0952
109.5476	48.1191
107.5000	50.1667
105.4524	50.1667
105.4524	52.2143
103.4048	52.2143
102.3810	53.2381
101.3572	53.2381
101.3572	54.2619
99.3095	54.2619
99.3095	55.2857
98.2857	56.3095
98.2857	57.3333
98.2857	58.3572
98.2857	59.3810
97.2619	59.3810
97.2619	60.4048
96.2381	61.4286
97.2619	61.4286
97.2619	62.4524
98.2857	62.4524
100.3334	62.4524
101.3572	62.4524
103.4048	62.4524
104.4286	62.4524
105.4524	62.4524
106.4762	62.4524
108.5238	62.4524
109.5476	62.4524
110.5714	62.4524
111.5953	62.4524
112.6191	62.4524
113.6429	62.4524
114.6667	62.4524
115.6905	62.4524
116.7143	62.4524
117.7381	62.4524
118.7619	62.4524
120.8095	62.4524
121.8334	61.4286
123.8810	61.4286
125.9286	61.4286
126.9524	61.4286
127.9762	61.4286
129.0000	61.4286
129.0000	60.4048
131.0476	60.4048
132.0715	60.4048
132.0715	59.3810
133.0953	58.3572
134.1191	58.3572
134.1191	56.3095
134.1191	55.2857
135.1429	55.2857
135.1429	54.2619
137.1905	54.2619
138.2143	54.2619
138.2143	53.2381
139.2381	53.2381
139.2381	52.2143
140.2619	52.2143
141.2857	52.2143
141.2857	51.1905
141.2857	50.1667
142.3096	50.1667
142.3096	49.1429
143.3334	49.1429
144.3572	49.1429
146.4048	47.0952
147.4286	47.0952
149.4762	47.0952
150.5000	47.0952
152.5476	47.0952
153.5715	47.0952
154.5953	47.0952
155.6191	47.0952
156.6429	47.0952
157.6667	47.0952
159.7143	47.0952
160.7381	47.0952
162.7857	47.0952
164.8334	47.0952
166.8810	47.0952
168.9286	47.0952
169.9524	47.0952
170.9762	47.0952
172.0000	47.0952
173.0238	47.0952
174.0477	47.0952
176.0953	47.0952
177.1191	47.0952
178.1429	47.0952
179.1667	47.0952
180.1905	47.0952
182.2381	47.0952
183.2619	47.0952
184.2857	47.0952
185.3096	48.1191
186.3334	48.1191
186.3334	49.1429
188.3810	49.1429
188.3810	50.1667
189.4048	50.1667
190.4286	51.1905
190.4286	52.2143
191.4524	52.2143
191.4524	53.2381
192.4762	53.2381
193.5000	53.2381
193.5000	54.2619
195.5477	54.2619
196.5715	54.2619
197.5953	54.2619
198.6191	54.2619
200.6667	54.2619
202.7143	54.2619
203.7381	54.2619
205.7858	54.2619
207.8334	54.2619
208.8572	54.2619
209.8810	54.2619
210.9048	54.2619
211.9286	54.2619
212.9524	54.2619
213.9762	54.2619
213.9762	52.2143
215.0000	52.2143
217.0477	52.2143
219.0953	51.1905
220.1191	51.1905
221.1429	51.1905
222.1667	51.1905
223.1905	51.1905
224.2143	51.1905
225.2381	51.1905
226.2619	51.1905
227.2858	51.1905
228.3096	51.1905
229.3334	51.1905
230.3572	51.1905
231.3810	51.1905
233.4286	51.1905
234.4524	51.1905
235.4762	51.1905
236.5000	51.1905
237.5239	51.1905
238.5477	51.1905
239.5715	51.1905
240.5953	51.1905
241.6191	51.1905
243.6667	51.1905
244.6905	51.1905
245.7143	51.1905
245.7143	50.1667
246.7381	50.1667
247.7620	50.1667
248.7858	50.1667
249.8096	50.1667
250.8334	50.1667
251.8572	50.1667
252.8810	51.1905
253.9048	51.1905
253.9048	53.2381
255.9524	53.2381
256.9762	54.2619
258.0000	54.2619
258.0000	55.2857
259.0239	55.2857
260.0477	56.3095
260.0477	57.3333
260.0477	58.3572
260.0477	60.4048
261.0715	60.4048
261.0715	61.4286
262.0953	61.4286
263.1191	61.4286
264.1429	61.4286
264.1429	62.4524
265.1667	62.4524
265.1667	63.4762
266.1905	63.4762
267.2143	63.4762
268.2381	64.5000
270.2858	64.5000
271.3096	66.5476
272.3334	66.5476
273.3572	66.5476
274.3810	67.5714
275.4048	67.5714
277.4524	67.5714
278.4762	67.5714
278.4762	68.5953
280.5239	68.5953
281.5477	68.5953
282.5715	68.5953
284.6191	69.6191
286.6667	69.6191
287.6905	70.6429
288.7143	70.6429
289.7382	70.6429
290.7620	70.6429
291.7858	70.6429
292.8096	70.6429
293.8334	70.6429
294.8572	70.6429
295.8810	70.6429
297.9286	70.6429
298.9524	70.6429
299.9762	70.6429
302.0239	70.6429
303.0477	70.6429
304.0715	70.6429
305.0953	70.6429
306.1191	70.6429
308.1667	70.6429
309.1905	70.6429
311.2382	70.6429
312.2620	70.6429
313.2858	70.6429
313.2858	72.6905
314.3096	72.6905
315.3334	72.6905
316.3572	72.6905
317.3810	72.6905
318.4048	73.7143
319.4286	73.7143
320.4524	74.7381
321.4763	74.7381
323.5239	75.7619
324.5477	75.7619
326.5953	76.7857
327.6191	76.7857
329.6667	76.7857
330.6905	76.7857
331.7143	76.7857
332.7382	76.7857
333.7620	77.8095
334.7858	77.8095
335.8096	77.8095
335.8096	78.8333
336.8334	78.8333
337.8572	78.8333
337.8572	79.8572
337.8572	81.9048
339.9048	81.9048
339.9048	82.9286
340.9286	83.9524
342.9763	84.9762
342.9763	86.0000
345.0239	88.0476
346.0477	88.0476
346.0477	90.0953
347.0715	90.0953
347.0715	91.1191
349.1191	91.1191
351.1667	91.1191
352.1905	91.1191
353.2144	91.1191
354.2382	92.1429
355.2620	92.1429
356.2858	92.1429
357.3096	92.1429
357.3096	93.1667
358.3334	93.1667
358.3334	94.1905
358.3334	95.2143
358.3334	96.2381
358.3334	97.2619
358.3334	98.2857
358.3334	100.3334
358.3334	102.3810
358.3334	103.4048
357.3096	103.4048
357.3096	104.4286
357.3096	105.4524
357.3096	106.4762
355.2620	106.4762
355.2620	107.5000
354.2382	108.5238
354.2382	109.5476
354.2382	110.5714
354.2382	111.5953
353.2144	111.5953
353.2144	113.6429
353.2144	114.6667
351.1667	114.6667
351.1667	115.6905
351.1667	116.7143
349.1191	116.7143
348.0953	117.7381
348.0953	119.7857
348.0953	120.8095
347.0715	120.8095
347.0715	122.8572
346.0477	122.8572
346.0477	123.8810
344.0001	123.8810
344.0001	124.9048
342.9763	124.9048
342.9763	125.9286
342.9763	127.9762
341.9524	127.9762
341.9524	129.0000
339.9048	129.0000
338.8810	130.0238
337.8572	131.0476
336.8334	131.0476
336.8334	133.0953
335.8096	133.0953
334.7858	133.0953
333.7620	134.1191
333.7620	135.1429
332.7382	135.1429
332.7382	137.1905
331.7143	137.1905
330.6905	138.2143
329.6667	138.2143
327.6191	138.2143
325.5715	138.2143
324.5477	139.2381
322.5001	139.2381
321.4763	140.2619
320.4524	140.2619
319.4286	140.2619
319.4286	141.2857
318.4048	141.2857
317.3810	141.2857
317.3810	142.3096
316.3572	142.3096
315.3334	142.3096
315.3334	144.3572
314.3096	144.3572
313.2858	144.3572
312.2620	145.3810
311.2382	145.3810
310.2143	145.3810
310.2143	147.4286
309.1905	147.4286
309.1905	148.4524
308.1667	148.4524
308.1667	149.4762
307.1429	149.4762
306.1191	149.4762
306.1191	151.5238
305.0953	151.5238
304.0715	151.5238
303.0477	151.5238
303.0477	152.5476
302.0239	152.5476
301.0001	152.5476
299.9762	152.5476
298.9524	152.5476
297.9286	152.5476
296.9048	153.5715
295.8810	153.5715
294.8572	153.5715
293.8334	153.5715
292.8096	153.5715
291.7858	154.5953
290.7620	154.5953
289.7382	154.5953
288.7143	154.5953
287.6905	155.6191
286.6667	155.6191
285.6429	155.6191
284.6191	155.6191
282.5715	155.6191
281.5477	156.6429
279.5001	156.6429
278.4762	157.6667
277.4524	157.6667
276.4286	157.6667
276.4286	158.6905
275.4048	158.6905
275.4048	159.7143
274.3810	159.7143
273.3572	160.7381
271.3096	161.7619
270.2858	162.7857
268.2381	163.8096
267.2143	163.8096
266.1905	164.8334
264.1429	164.8334
264.1429	165.8572
262.0953	165.8572
261.0715	165.8572
259.0239	165.8572
258.0000	165.8572
256.9762	165.8572
254.9286	165.8572
253.9048	166.8810
252.8810	166.8810
251.8572	167.9048
250.8334	167.9048
249.8096	167.9048
248.7858	167.9048
246.7381	168.9286
245.7143	168.9286
243.6667	170.9762
241.6191	170.9762
240.5953	172.0000
239.5715	172.0000
238.5477	173.0238
238.5477	172.0000
236.5000	169.9524
236.5000	168.9286
235.4762	168.9286
235.4762	167.9048
234.4524	167.9048
233.4286	167.9048
232.4048	167.9048
230.3572	167.9048
229.3334	167.9048
228.3096	167.9048
227.2858	167.9048
225.2381	167.9048
225.2381	168.9286
223.1905	168.9286
222.1667	168.9286
221.1429	169.9524
220.1191	169.9524
220.1191	172.0000
218.0715	173.0238
217.0477	174.0477
216.0239	174.0477
215.0000	176.0953
213.9762	176.0953
213.9762	177.1191
212.9524	178.1429
211.9286	178.1429
211.9286	179.1667
210.9048	179.1667
209.8810	179.1667
208.8572	179.1667
208.8572	180.1905
207.8334	180.1905
206.8096	181.2143
205.7858	181.2143
204.7619	181.2143
203.7381	182.2381
202.7143	182.2381
201.6905	183.2619
200.6667	183.2619
199.6429	184.2857
198.6191	185.3096
197.5953	185.3096
196.5715	185.3096
195.5477	185.3096
194.5238	186.3334
192.4762	186.3334
191.4524	186.3334
190.4286	186.3334
188.3810	187.3572
187.3572	187.3572
184.2857	187.3572
182.2381	188.3810
181.2143	188.3810
180.1905	189.4048
179.1667	189.4048
178.1429	189.4048
177.1191	189.4048
176.0953	189.4048
174.0477	189.4048
174.0477	190.4286
173.0238	190.4286
170.9762	190.4286
169.9524	190.4286
167.9048	190.4286
166.8810	190.4286
164.8334	190.4286
163.8096	190.4286
162.7857	190.4286
161.7619	190.4286
160.7381	190.4286
159.7143	190.4286
158.6905	190.4286
157.6667	190.4286
156.6429	190.4286
155.6191	190.4286
154.5953	190.4286
152.5476	190.4286
151.5238	190.4286
150.5000	190.4286
149.4762	190.4286
148.4524	190.4286
147.4286	190.4286
145.3810	190.4286
144.3572	190.4286
141.2857	190.4286
140.2619	190.4286
139.2381	190.4286
138.2143	190.4286
137.1905	190.4286
136.1667	190.4286
135.1429	190.4286
134.1191	190.4286
133.0953	190.4286
131.0476	190.4286
130.0238	190.4286
129.0000	190.4286
127.9762	190.4286
126.9524	190.4286
125.9286	190.4286
124.9048	190.4286
123.8810	190.4286
121.8334	190.4286
120.8095	190.4286
120.8095	191.4524
119.7857	191.4524
118.7619	191.4524
117.7381	191.4524
116.7143	191.4524
115.6905	191.4524
115.6905	192.4762
115.6905	193.5000
114.6667	193.5000
114.6667	194.5238
114.6667	195.5477
113.6429	195.5477
113.6429	196.5715
112.6191	196.5715
111.5953	197.5953
109.5476	198.6191
108.5238	199.6429
107.5000	201.6905
106.4762	201.6905
105.4524	202.7143
104.4286	202.7143
103.4048	202.7143
103.4048	204.7619
102.3810	204.7619
102.3810	205.7858
101.3572	205.7858
101.3572	207.8334
100.3334	207.8334
98.2857	207.8334
97.2619	207.8334
95.2143	209.8810
93.1667	209.8810
92.1429	210.9048
91.1191	210.9048
90.0953	210.9048
89.0714	211.9286
88.0476	211.9286
87.0238	211.9286
87.0238	212.9524
86.0000	212.9524
84.9762	212.9524
83.9524	215.0000
82.9286	215.0000
81.9048	215.0000
81.9048	216.0239
81.9048	217.0477
82.9286	218.0715
83.9524	219.0953
84.9762	219.0953
87.0238	220.1191
90.0953	221.1429
93.1667	223.1905
96.2381	223.1905
99.3095	223.1905
102.3810	223.1905
103.4048	223.1905
105.4524	223.1905
106.4762	223.1905
107.5000	223.1905
108.5238	223.1905
109.5476	223.1905
111.5953	223.1905
113.6429	223.1905
114.6667	223.1905
115.6905	223.1905
116.7143	223.1905
117.7381	223.1905
119.7857	223.1905
120.8095	223.1905
121.8334	223.1905
122.8572	223.1905
124.9048	223.1905
125.9286	223.1905
126.9524	223.1905
127.9762	223.1905
129.0000	223.1905
130.0238	223.1905
131.0476	223.1905
132.0715	223.1905
133.0953	223.1905
134.1191	223.1905
135.1429	223.1905
136.1667	221.1429
137.1905	221.1429
138.2143	221.1429
139.2381	221.1429
140.2619	220.1191
141.2857	220.1191
142.3096	219.0953
144.3572	219.0953
145.3810	217.0477
147.4286	217.0477
149.4762	217.0477
150.5000	217.0477
150.5000	216.0239
151.5238	216.0239
152.5476	216.0239
153.5715	216.0239
153.5715	213.9762
154.5953	213.9762
155.6191	213.9762
156.6429	213.9762
157.6667	213.9762
158.6905	213.9762
158.6905	216.0239
158.6905	217.0477
158.6905	218.0715
158.6905	220.1191
158.6905	221.1429
158.6905	223.1905
158.6905	224.2143
158.6905	225.2381
158.6905	226.2619
158.6905	227.2858
158.6905	228.3096
159.7143	229.3334
160.7381	229.3334
160.7381	231.3810
161.7619	231.3810
162.7857	231.3810
163.8096	232.4048
164.8334	232.4048
165.8572	232.4048
167.9048	232.4048
168.9286	232.4048
169.9524	232.4048
170.9762	233.4286
174.0477	235.4762
176.0953	235.4762
179.1667	236.5000
181.2143	236.5000
183.2619	236.5000
184.2857	236.5000
186.3334	237.5239
187.3572	237.5239
188.3810	237.5239
190.4286	237.5239
192.4762	237.5239
195.5477	237.5239
198.6191	237.5239
199.6429	239.5715
202.7143	239.5715
205.7858	239.5715
208.8572	240.5953
211.9286	240.5953
212.9524	240.5953
213.9762	240.5953
215.0000	240.5953
216.0239	240.5953
218.0715	240.5953
219.0953	240.5953
221.1429	240.5953
224.2143	240.5953
226.2619	240.5953
227.2858	240.5953
230.3572	240.5953
231.3810	240.5953
232.4048	240.5953
233.4286	240.5953
234.4524	240.5953
235.4762	240.5953
236.5000	240.5953
239.5715	240.5953
242.6429	240.5953
244.6905	240.5953
247.7620	240.5953
252.8810	240.5953
255.9524	240.5953
258.0000	240.5953
261.0715	240.5953
262.0953	240.5953
264.1429	240.5953
265.1667	240.5953
266.1905	240.5953
267.2143	240.5953
268.2381	240.5953
269.2620	240.5953
270.2858	240.5953
271.3096	240.5953
273.3572	240.5953
274.3810	240.5953
275.4048	240.5953
276.4286	240.5953
277.4524	240.5953
278.4762	242.6429
279.5001	242.6429
280.5239	242.6429
281.5477	242.6429
282.5715	243.6667
283.5953	243.6667
284.6191	243.6667
285.6429	244.6905
286.6667	244.6905
287.6905	244.6905
288.7143	244.6905
290.7620	244.6905
291.7858	244.6905
292.8096	244.6905
294.8572	244.6905
296.9048	244.6905
297.9286	245.7143
298.9524	245.7143
299.9762	246.7381
301.0001	246.7381
302.0239	246.7381
302.0239	247.7620
303.0477	247.7620
303.0477	249.8096
303.0477	250.8334
304.0715	250.8334
305.0953	251.8572
305.0953	252.8810
306.1191	252.8810
306.1191	253.9048
307.1429	253.9048
307.1429	254.9286
307.1429	255.9524
307.1429	256.9762
307.1429	258.0000
306.1191	259.0239
306.1191	260.0477
306.1191	261.0715
305.0953	261.0715
305.0953	263.1191
304.0715	264.1429
303.0477	264.1429
303.0477	265.1667
302.0239	266.1905
302.0239	267.2143
302.0239	268.2381
302.0239	270.2858
302.0239	271.3096
302.0239	272.3334
302.0239	273.3572
302.0239	274.3810
302.0239	275.4048
302.0239	276.4286
302.0239	277.4524
302.0239	278.4762
302.0239	279.5001
302.0239	280.5239
302.0239	283.5953
305.0953	288.7143
305.0953	289.7382
306.1191	291.7858
306.1191	292.8096
306.1191	293.8334
307.1429	293.8334
307.1429	294.8572
307.1429	295.8810
307.1429	296.9048
307.1429	297.9286
307.1429	299.9762
308.1667	301.0001
308.1667	302.0239
308.1667	303.0477
308.1667	304.0715
308.1667	305.0953
308.1667	306.1191
308.1667	307.1429
308.1667	308.1667
308.1667	309.1905
308.1667	310.2143
307.1429	310.2143
306.1191	311.2382
305.0953	311.2382
304.0715	311.2382
302.0239	312.2620
301.0001	312.2620
299.9762	312.2620
297.9286	312.2620
296.9048	313.2858
294.8572	313.2858
294.8572	314.3096
293.8334	314.3096
293.8334	315.3334
292.8096	315.3334
291.7858	316.3572
290.7620	316.3572
290.7620	318.4048
290.7620	319.4286
288.7143	319.4286
287.6905	319.4286
286.6667	320.4524
286.6667	322.5001
286.6667	323.5239
285.6429	323.5239
283.5953	324.5477
283.5953	325.5715
281.5477	327.6191
280.5239	327.6191
280.5239	328.6429
278.4762	328.6429
277.4524	329.6667
277.4524	330.6905
276.4286	330.6905
275.4048	331.7143
274.3810	331.7143
272.3334	331.7143
272.3334	332.7382
271.3096	332.7382
271.3096	333.7620
269.2620	335.8096
267.2143	337.8572
267.2143	338.8810
266.1905	338.8810
265.1667	338.8810
264.1429	339.9048
264.1429	341.9524
262.0953	344.0001
261.0715	345.0239
261.0715	346.0477
261.0715	347.0715
261.0715	348.0953
261.0715	349.1191
261.0715	350.1429
261.0715	351.1667
261.0715	352.1905
261.0715	353.2144
261.0715	354.2382
261.0715	355.2620
260.0477	355.2620
260.0477	357.3096
260.0477	358.3334
260.0477	359.3572
260.0477	360.3810
260.0477	361.4048
260.0477	362.4286
259.0239	362.4286
259.0239	363.4525
259.0239	364.4763
260.0477	364.4763
262.0953	364.4763
263.1191	364.4763
264.1429	365.5001
265.1667	365.5001
266.1905	365.5001
267.2143	365.5001
268.2381	365.5001
269.2620	365.5001
270.2858	365.5001
271.3096	365.5001
272.3334	365.5001
274.3810	365.5001
275.4048	365.5001
277.4524	365.5001
278.4762	365.5001
280.5239	365.5001
281.5477	365.5001
283.5953	365.5001
285.6429	365.5001
286.6667	365.5001
288.7143	365.5001
289.7382	365.5001
291.7858	365.5001
293.8334	365.5001
294.8572	365.5001
296.9048	365.5001
297.9286	365.5001
298.9524	365.5001
299.9762	364.4763
299.9762	365.5001
299.9762	366.5239
299.9762	367.5477
299.9762	369.5953
299.9762	371.6429
299.9762	373.6905
299.9762	375.7382
299.9762	377.7858
298.9524	378.8096
298.9524	379.8334
298.9524	380.8572
298.9524	381.8810
297.9286	381.8810
297.9286	382.9048
296.9048	383.9286
296.9048	384.9525
296.9048	385.9763
296.9048	387.0001
294.8572	388.0239
294.8572	389.0477
294.8572	390.0715
293.8334	390.0715
293.8334	391.0953
293.8334	392.1191
293.8334	393.1429
293.8334	394.1667
293.8334	395.1906
293.8334	396.2144
293.8334	397.2382
291.7858	398.2620
291.7858	399.2858
291.7858	400.3096
291.7858	401.3334
294.8572	400.3096
296.9048	398.2620
296.9048	397.2382
298.9524	396.2144
299.9762	396.2144
299.9762	394.1667
301.0001	394.1667
301.0001	392.1191
302.0239	392.1191
302.0239	391.0953
303.0477	390.0715
303.0477	389.0477
305.0953	389.0477
306.1191	388.0239
307.1429	387.0001
308.1667	385.9763
308.1667	383.9286
309.1905	383.9286
311.2382	383.9286
312.2620	381.8810
313.2858	381.8810
314.3096	380.8572
315.3334	379.8334
316.3572	378.8096
317.3810	377.7858
318.4048	376.7620
319.4286	376.7620
320.4524	376.7620
322.5001	375.7382
323.5239	373.6905
324.5477	373.6905
324.5477	372.6667
325.5715	372.6667
326.5953	370.6191
327.6191	370.6191
327.6191	369.5953
328.6429	369.5953
328.6429	368.5715
329.6667	368.5715
329.6667	367.5477
330.6905	367.5477
330.6905	366.5239
331.7143	366.5239
332.7382	365.5001
332.7382	363.4525
334.7858	363.4525
334.7858	362.4286
335.8096	362.4286
336.8334	362.4286
337.8572	361.4048
338.8810	359.3572
339.9048	359.3572
340.9286	358.3334
342.9763	358.3334
344.0001	357.3096
345.0239	357.3096
346.0477	357.3096
347.0715	357.3096
349.1191	356.2858
350.1429	356.2858
352.1905	356.2858
353.2144	355.2620
354.2382	355.2620
356.2858	355.2620
357.3096	355.2620
359.3572	354.2382
360.3810	354.2382
361.4048	354.2382
362.4286	354.2382
363.4525	354.2382
365.5001	354.2382
366.5239	354.2382
367.5477	354.2382
368.5715	354.2382
370.6191	354.2382
371.6429	354.2382
374.7144	354.2382
375.7382	354.2382
377.7858	354.2382
378.8096	354.2382
380.8572	354.2382
382.9048	354.2382
383.9286	354.2382
384.9525	353.2144
385.9763	353.2144
387.0001	353.2144
388.0239	353.2144
389.0477	353.2144
390.0715	353.2144
391.0953	353.2144
392.1191	353.2144
393.1429	353.2144
394.1667	354.2382
395.1906	354.2382
397.2382	354.2382
397.2382	355.2620
397.2382	356.2858
397.2382	357.3096
397.2382	359.3572
397.2382	360.3810
399.2858	361.4048
399.2858	363.4525
399.2858	365.5001
399.2858	366.5239
399.2858	367.5477
400.3096	368.5715
400.3096	369.5953
400.3096	370.6191
400.3096	371.6429
400.3096	372.6667
400.3096	375.7382
400.3096	377.7858
400.3096	380.8572
400.3096	382.9048
400.3096	383.9286
400.3096	384.9525
400.3096	385.9763
400.3096	387.0001
400.3096	388.0239
400.3096	389.0477
400.3096	390.0715
400.3096	391.0953
400.3096	393.1429
400.3096	394.1667
400.3096	396.2144
400.3096	397.2382
400.3096	398.2620
400.3096	399.2858
400.3096	400.3096
400.3096	401.3334
400.3096	402.3572
398.2620	402.3572
398.2620	403.3810
398.2620	404.4048
398.2620	405.4286
398.2620	406.4525
399.2858	407.4763
401.3334	407.4763
402.3572	407.4763
404.4048	407.4763
405.4286	407.4763
406.4525	407.4763
407.4763	407.4763
408.5001	407.4763
408.5001	406.4525
409.5239	406.4525
410.5477	406.4525
410.5477	405.4286
411.5715	405.4286
412.5953	405.4286
413.6191	404.4048
414.6429	403.3810
415.6667	402.3572
416.6906	402.3572
416.6906	401.3334
417.7144	401.3334
418.7382	400.3096
420.7858	400.3096
421.8096	400.3096
422.8334	400.3096
423.8572	400.3096
424.8810	400.3096
425.9048	400.3096
426.9287	400.3096
427.9525	400.3096
428.9763	400.3096
430.0001	400.3096
432.0477	400.3096
432.0477	401.3334
433.0715	401.3334
434.0953	402.3572
434.0953	403.3810
434.0953	404.4048
434.0953	405.4286
435.1191	407.4763
435.1191	408.5001
435.1191	409.5239
435.1191	410.5477
435.1191	411.5715
435.1191	412.5953
435.1191	413.6191
435.1191	415.6667
436.1429	416.6906
436.1429	418.7382
438.1906	420.7858
438.1906	422.8334
438.1906	423.8572
439.2144	424.8810
439.2144	425.9048
439.2144	427.9525
439.2144	428.9763
439.2144	430.0001
440.2382	432.0477
440.2382	433.0715
440.2382	435.1191
440.2382	437.1667
440.2382	439.2144
440.2382	440.2382
440.2382	441.2620
441.2620	441.2620
441.2620	442.2858
441.2620	443.3096
441.2620	444.3334
441.2620	445.3572
441.2620	446.3810
441.2620	447.4048
441.2620	448.4287
441.2620	449.4525
441.2620	450.4763
441.2620	451.5001
441.2620	453.5477
441.2620	455.5953
441.2620	456.6191
439.2144	457.6429
439.2144	458.6668
438.1906	458.6668
438.1906	459.6906
438.1906	461.7382
438.1906	463.7858
438.1906	464.8096
438.1906	465.8334
436.1429	465.8334
436.1429	466.8572
436.1429	468.9049
436.1429	469.9287
436.1429	470.9525
436.1429	473.0001
436.1429	474.0239
436.1429	475.0477
436.1429	477.0953
436.1429	478.1191
436.1429	479.1429
436.1429	480.1668
436.1429	481.1906
435.1191	482.2144
433.0715	487.3334
431.0239	490.4049
431.0239	492.4525
430.0001	495.5239
428.9763	498.5953
428.9763	499.6191
428.9763	500.6430
428.9763	501.6668
428.9763	502.6906
428.9763	503.7144
430.0001	504.7382
430.0001	505.7620
431.0239	505.7620
431.0239	506.7858
432.0477	506.7858
432.0477	507.8096
433.0715	508.8334
434.0953	508.8334
435.1191	509.8572
436.1429	509.8572
437.1667	510.8810
438.1906	510.8810
439.2144	511.9049
440.2382	511.9049
441.2620	512.9287
442.2858	512.9287
443.3096	513.9525
444.3334	514.9763
446.3810	514.9763
446.3810	516.0001
446.3810	517.0239
448.4287	517.0239
448.4287	518.0477
449.4525	518.0477
450.4763	519.0715
451.5001	519.0715
451.5001	520.0953
453.5477	520.0953
454.5715	520.0953
454.5715	522.1430
454.5715	523.1668
455.5953	523.1668
457.6429	525.2144
458.6668	525.2144
459.6906	525.2144
460.7144	525.2144
462.7620	525.2144
463.7858	525.2144
466.8572	525.2144
467.8810	525.2144
469.9287	525.2144
469.9287	524.1906
469.9287	523.1668
469.9287	522.1430
469.9287	520.0953
469.9287	519.0715
469.9287	517.0239
469.9287	516.0001
468.9049	516.0001
468.9049	514.9763
468.9049	513.9525
467.8810	513.9525
467.8810	511.9049
467.8810	510.8810
467.8810	509.8572
467.8810	508.8334
467.8810	507.8096
467.8810	506.7858
467.8810	505.7620
467.8810	504.7382
468.9049	504.7382
468.9049	503.7144
469.9287	503.7144
469.9287	501.6668
469.9287	500.6430
469.9287	499.6191
469.9287	498.5953
470.9525	497.5715
470.9525	496.5477
470.9525	495.5239
470.9525	494.5001
470.9525	493.4763
470.9525	492.4525
470.9525	491.4287
471.9763	491.4287
471.9763	490.4049
473.0001	490.4049
475.0477	490.4049
476.0715	490.4049
476.0715	491.4287
477.0953	491.4287
478.1191	491.4287
479.1429	491.4287
480.1668	492.4525
482.2144	492.4525
483.2382	492.4525
483.2382	491.4287
483.2382	490.4049
480.1668	490.4049
475.0477	489.3810
470.9525	487.3334
468.9049	487.3334
468.9049	486.3096
468.9049	485.2858
468.9049	484.2620
468.9049	483.2382
468.9049	482.2144
468.9049	481.1906
468.9049	480.1668
468.9049	479.1429
470.9525	479.1429
470.9525	478.1191
471.9763	477.0953
473.0001	476.0715
474.0239	476.0715
474.0239	475.0477
475.0477	475.0477
476.0715	475.0477
477.0953	475.0477
477.0953	476.0715
478.1191	477.0953
479.1429	478.1191
481.1906	478.1191
481.1906	479.1429
482.2144	480.1668
483.2382	481.1906
484.2620	482.2144
485.2858	482.2144
486.3096	482.2144
487.3334	482.2144
488.3572	482.2144
490.4049	480.1668
491.4287	480.1668
492.4525	480.1668
493.4763	480.1668
494.5001	481.1906
495.5239	481.1906
496.5477	482.2144
496.5477	484.2620
498.5953	484.2620
498.5953	485.2858
499.6191	485.2858
499.6191	486.3096
501.6668	487.3334
501.6668	488.3572
501.6668	489.3810
502.6906	489.3810
503.7144	489.3810
504.7382	489.3810
505.7620	489.3810
506.7858	489.3810
506.7858	488.3572
506.7858	487.3334
506.7858	486.3096
506.7858	485.2858
506.7858	484.2620
506.7858	483.2382
506.7858	482.2144
506.7858	481.1906
505.7620	481.1906
505.7620	480.1668
504.7382	479.1429
504.7382	477.0953
504.7382	476.0715
503.7144	474.0239
501.6668	474.0239
501.6668	473.0001
501.6668	471.9763
501.6668	470.9525
499.6191	470.9525
499.6191	469.9287
498.5953	469.9287
498.5953	468.9049
498.5953	467.8810
498.5953	466.8572
498.5953	465.8334
498.5953	464.8096
498.5953	463.7858
497.5715	462.7620
496.5477	462.7620
496.5477	461.7382
496.5477	460.7144
496.5477	459.6906
497.5715	459.6906
498.5953	460.7144
500.6430	462.7620
501.6668	463.7858
502.6906	463.7858
503.7144	463.7858
503.7144	462.7620
504.7382	461.7382
504.7382	460.7144
505.7620	460.7144
505.7620	459.6906
505.7620	458.6668
506.7858	458.6668
506.7858	457.6429
506.7858	456.6191
506.7858	455.5953
506.7858	454.5715
506.7858	453.5477
505.7620	452.5239
505.7620	451.5001
504.7382	451.5001
503.7144	450.4763
503.7144	449.4525
502.6906	448.4287
501.6668	448.4287
500.6430	447.4048
499.6191	447.4048
498.5953	447.4048
496.5477	445.3572
493.4763	445.3572
492.4525	444.3334
491.4287	444.3334
491.4287	443.3096
491.4287	442.2858
491.4287	441.2620
491.4287	440.2382
492.4525	439.2144
492.4525	438.1906
492.4525	437.1667
493.4763	436.1429
494.5001	435.1191
494.5001	433.0715
494.5001	432.0477
494.5001	430.0001
495.5239	430.0001
495.5239	428.9763
495.5239	427.9525
495.5239	426.9287
495.5239	425.9048
495.5239	424.8810
495.5239	422.8334
495.5239	420.7858
495.5239	419.7620
495.5239	418.7382
495.5239	416.6906
495.5239	415.6667
495.5239	414.6429
495.5239	412.5953
496.5477	411.5715
496.5477	410.5477
496.5477	409.5239
496.5477	408.5001
496.5477	407.4763
496.5477	406.4525
497.5715	404.4048
497.5715	403.3810
497.5715	401.3334
498.5953	398.2620
498.5953	397.2382
499.6191	396.2144
499.6191	395.1906
499.6191	394.1667
499.6191	393.1429
499.6191	392.1191
499.6191	391.0953
499.6191	390.0715
500.6430	389.0477
500.6430	388.0239
500.6430	387.0001
500.6430	385.9763
500.6430	384.9525
500.6430	383.9286
502.6906	382.9048
503.7144	380.8572
504.7382	378.8096
505.7620	377.7858
505.7620	375.7382
506.7858	374.7144
507.8096	373.6905
507.8096	372.6667
507.8096	371.6429
508.8334	371.6429
508.8334	369.5953
509.8572	368.5715
509.8572	367.5477
510.8810	367.5477
510.8810	366.5239
512.9287	364.4763
512.9287	363.4525
513.9525	362.4286
513.9525	361.4048
516.0001	359.3572
518.0477	356.2858
519.0715	355.2620
520.0953	352.1905
522.1430	350.1429
522.1430	349.1191
523.1668	348.0953
523.1668	347.0715
524.1906	346.0477
524.1906	345.0239
525.2144	345.0239
525.2144	344.0001
526.2382	344.0001
526.2382	342.9763
527.2620	341.9524
528.2858	341.9524
529.3096	340.9286
530.3334	339.9048
531.3572	338.8810
532.3811	338.8810
532.3811	337.8572
533.4049	337.8572
533.4049	336.8334
534.4287	336.8334
535.4525	336.8334
535.4525	334.7858
536.4763	334.7858
537.5001	333.7620
538.5239	332.7382
538.5239	331.7143
540.5715	331.7143
541.5953	329.6667
542.6192	328.6429
543.6430	327.6191
545.6906	327.6191
546.7144	327.6191
546.7144	326.5953
548.7620	326.5953
548.7620	325.5715
548.7620	324.5477
549.7858	324.5477
549.7858	323.5239
550.8096	323.5239
550.8096	322.5001
550.8096	321.4763
550.8096	320.4524
551.8334	320.4524
551.8334	319.4286
552.8572	318.4048
552.8572	317.3810
553.8811	317.3810
553.8811	316.3572
554.9049	316.3572
555.9287	316.3572
555.9287	315.3334
556.9525	315.3334
556.9525	313.2858
557.9763	313.2858
559.0001	313.2858
559.0001	312.2620
560.0239	312.2620
561.0477	311.2382
562.0715	311.2382
562.0715	310.2143
563.0953	309.1905
564.1192	309.1905
565.1430	309.1905
565.1430	308.1667
567.1906	308.1667
568.2144	308.1667
569.2382	308.1667
570.2620	308.1667
571.2858	308.1667
572.3096	308.1667
573.3334	308.1667
574.3573	308.1667
575.3811	308.1667
576.4049	308.1667
577.4287	308.1667
578.4525	308.1667
579.4763	308.1667
580.5001	308.1667
581.5239	307.1429
582.5477	307.1429
583.5715	307.1429
584.5953	307.1429
585.6192	307.1429
587.6668	307.1429
588.6906	307.1429
589.7144	307.1429
590.7382	307.1429
591.7620	307.1429
593.8096	307.1429
594.8334	307.1429
595.8573	307.1429
596.8811	307.1429
597.9049	307.1429
598.9287	307.1429
599.9525	307.1429
600.9763	307.1429
602.0001	307.1429
603.0239	307.1429
605.0715	307.1429
606.0954	307.1429
607.1192	307.1429
608.1430	307.1429
608.1430	308.1667
609.1668	308.1667
610.1906	308.1667
610.1906	309.1905
611.2144	309.1905
611.2144	310.2143
612.2382	310.2143
612.2382	311.2382
614.2858	311.2382
615.3096	312.2620
616.3335	312.2620
616.3335	313.2858
617.3573	313.2858
617.3573	314.3096
618.3811	314.3096
618.3811	315.3334
619.4049	315.3334
620.4287	316.3572
621.4525	316.3572
621.4525	318.4048
622.4763	318.4048
622.4763	319.4286
623.5001	320.4524
625.5477	320.4524
625.5477	321.4763
627.5954	321.4763
628.6192	321.4763
628.6192	322.5001
629.6430	322.5001
630.6668	323.5239
631.6906	323.5239
632.7144	324.5477
634.7620	324.5477
635.7858	324.5477
635.7858	325.5715
637.8335	325.5715
638.8573	326.5953
639.8811	327.6191
640.9049	328.6429
641.9287	329.6667
642.9525	329.6667
645.0001	330.6905
646.0239	330.6905
647.0477	331.7143
648.0716	331.7143
648.0716	333.7620
649.0954	333.7620
649.0954	334.7858
650.1192	334.7858
651.1430	334.7858
651.1430	336.8334
652.1668	336.8334
652.1668	337.8572
653.1906	337.8572
653.1906	338.8810
653.1906	340.9286
654.2144	340.9286
654.2144	341.9524
655.2382	342.9763
656.2620	342.9763
656.2620	344.0001
657.2858	344.0001
658.3096	345.0239
659.3335	345.0239
659.3335	346.0477
661.3811	346.0477
662.4049	347.0715
663.4287	348.0953
664.4525	348.0953
664.4525	349.1191
664.4525	351.1667
665.4763	351.1667
665.4763	352.1905
667.5239	352.1905
668.5477	353.2144
668.5477	354.2382
668.5477	355.2620
670.5954	357.3096
671.6192	358.3334
673.6668	359.3572
673.6668	361.4048
674.6906	361.4048
675.7144	361.4048
676.7382	362.4286
676.7382	363.4525
677.7620	363.4525
677.7620	364.4763
678.7858	365.5001
679.8097	365.5001
679.8097	366.5239
679.8097	368.5715
680.8335	368.5715
682.8811	368.5715
682.8811	369.5953
682.8811	370.6191
683.9049	371.6429
684.9287	371.6429
684.9287	373.6905
686.9763	374.7144
688.0001	375.7382
688.0001	376.7620
690.0478	376.7620
690.0478	377.7858
691.0716	377.7858
691.0716	379.8334
692.0954	380.8572
693.1192	380.8572
693.1192	381.8810
694.1430	381.8810
694.1430	383.9286
694.1430	384.9525
695.1668	384.9525
696.1906	385.9763
696.1906	387.0001
697.2144	388.0239
697.2144	389.0477
698.2382	389.0477
699.2620	390.0715
699.2620	391.0953
700.2858	392.1191
701.3097	392.1191
701.3097	394.1667
702.3335	394.1667
702.3335	395.1906
703.3573	395.1906
704.3811	396.2144
705.4049	396.2144
706.4287	396.2144
706.4287	397.2382
707.4525	397.2382
707.4525	396.2144
707.4525	395.1906
707.4525	394.1667
707.4525	393.1429
707.4525	391.0953
707.4525	390.0715
707.4525	388.0239
707.4525	387.0001
707.4525	383.9286
707.4525	382.9048
707.4525	381.8810
707.4525	380.8572
707.4525	379.8334
707.4525	378.8096
707.4525	377.7858
707.4525	376.7620
707.4525	375.7382
707.4525	374.7144
707.4525	373.6905
707.4525	372.6667
707.4525	370.6191
707.4525	369.5953
707.4525	368.5715
707.4525	367.5477
707.4525	366.5239
707.4525	365.5001
708.4763	364.4763
708.4763	363.4525
708.4763	362.4286
708.4763	361.4048
708.4763	360.3810
708.4763	359.3572
708.4763	358.3334
708.4763	357.3096
708.4763	356.2858
708.4763	355.2620
708.4763	354.2382
708.4763	353.2144
708.4763	352.1905
708.4763	351.1667
708.4763	349.1191
708.4763	348.0953
708.4763	347.0715
708.4763	346.0477
708.4763	344.0001
708.4763	342.9763
708.4763	340.9286
708.4763	338.8810
708.4763	337.8572
708.4763	336.8334
708.4763	335.8096
708.4763	334.7858
708.4763	333.7620
709.5001	332.7382
709.5001	331.7143
709.5001	330.6905
709.5001	328.6429
709.5001	327.6191
709.5001	326.5953
710.5239	325.5715
710.5239	324.5477
710.5239	323.5239
710.5239	322.5001
710.5239	321.4763
710.5239	320.4524
710.5239	319.4286
710.5239	317.3810
711.5478	317.3810
711.5478	315.3334
711.5478	314.3096
711.5478	313.2858
711.5478	312.2620
711.5478	311.2382
711.5478	310.2143
711.5478	309.1905
711.5478	308.1667
711.5478	307.1429
711.5478	306.1191
711.5478	305.0953
711.5478	304.0715
711.5478	303.0477
711.5478	302.0239
711.5478	301.0001
711.5478	299.9762
711.5478	298.9524
711.5478	297.9286
711.5478	296.9048
711.5478	294.8572
711.5478	292.8096
711.5478	290.7620
711.5478	289.7382
711.5478	288.7143
711.5478	286.6667
709.5001	284.6191
709.5001	283.5953
709.5001	281.5477
709.5001	279.5001
709.5001	277.4524
709.5001	276.4286
709.5001	275.4048
708.4763	275.4048
708.4763	274.3810
708.4763	273.3572
708.4763	272.3334
708.4763	271.3096
708.4763	270.2858
708.4763	269.2620
708.4763	268.2381
708.4763	267.2143
708.4763	266.1905
708.4763	265.1667
708.4763	263.1191
708.4763	261.0715
708.4763	260.0477
708.4763	259.0239
708.4763	256.9762
708.4763	255.9524
708.4763	253.9048
708.4763	252.8810
708.4763	250.8334
708.4763	249.8096
708.4763	247.7620
708.4763	245.7143
708.4763	244.6905
708.4763	242.6429
708.4763	240.5953
708.4763	239.5715
708.4763	237.5239
708.4763	236.5000
708.4763	235.4762
708.4763	234.4524
708.4763	233.4286
708.4763	232.4048
708.4763	230.3572
708.4763	229.3334
708.4763	228.3096
708.4763	227.2858
708.4763	226.2619
708.4763	225.2381
708.4763	224.2143
706.4287	224.2143
706.4287	223.1905
706.4287	222.1667
706.4287	221.1429
706.4287	220.1191
706.4287	219.0953
706.4287	218.0715
706.4287	217.0477
706.4287	216.0239
706.4287	215.0000
706.4287	213.9762
706.4287	211.9286
706.4287	210.9048
706.4287	209.8810
706.4287	208.8572
706.4287	207.8334
706.4287	206.8096
706.4287	205.7858
706.4287	204.7619
706.4287	203.7381
706.4287	202.7143
706.4287	201.6905
706.4287	200.6667
706.4287	199.6429
706.4287	198.6191
706.4287	197.5953
707.4525	195.5477
707.4525	193.5000
707.4525	191.4524
707.4525	189.4048
707.4525	188.3810
707.4525	187.3572
707.4525	186.3334
707.4525	184.2857
707.4525	183.2619
707.4525	182.2381
707.4525	181.2143
707.4525	180.1905
708.4763	180.1905
708.4763	178.1429
708.4763	177.1191
708.4763	176.0953
708.4763	175.0715
708.4763	174.0477
708.4763	173.0238
708.4763	172.0000
708.4763	170.9762
708.4763	169.9524
708.4763	168.9286
708.4763	167.9048
708.4763	166.8810
708.4763	165.8572
708.4763	164.8334
708.4763	163.8096
708.4763	162.7857
708.4763	161.7619
708.4763	160.7381
708.4763	158.6905
708.4763	157.6667
708.4763	156.6429
708.4763	154.5953
708.4763	151.5238
708.4763	149.4762
708.4763	148.4524
708.4763	146.4048
708.4763	145.3810
708.4763	144.3572
708.4763	143.3334
708.4763	142.3096
708.4763	141.2857
708.4763	140.2619
708.4763	139.2381
708.4763	137.1905
708.4763	136.1667
708.4763	134.1191
708.4763	133.0953
708.4763	132.0715
708.4763	131.0476
708.4763	129.0000
708.4763	127.9762
708.4763	126.9524
708.4763	125.9286
708.4763	124.9048
708.4763	123.8810
708.4763	122.8572
708.4763	121.8334
708.4763	120.8095
708.4763	119.7857
708.4763	118.7619
708.4763	117.7381
708.4763	116.7143
708.4763	114.6667
708.4763	113.6429
708.4763	110.5714
708.4763	107.5000
708.4763	104.4286
708.4763	101.3572
708.4763	99.3095
708.4763	97.2619
708.4763	95.2143
708.4763	94.1905
708.4763	92.1429
708.4763	91.1191
708.4763	90.0953
707.4525	90.0953
707.4525	89.0714
707.4525	88.0476
707.4525	87.0238
707.4525	86.0000
707.4525	84.9762
707.4525	83.9524
707.4525	81.9048
707.4525	80.8810
707.4525	79.8572
707.4525	78.8333
707.4525	76.7857
707.4525	75.7619
707.4525	73.7143
707.4525	71.6667
707.4525	70.6429
707.4525	68.5953
707.4525	67.5714
707.4525	65.5238
707.4525	64.5000
707.4525	63.4762
707.4525	62.4524
707.4525	61.4286
707.4525	60.4048
707.4525	59.3810
707.4525	57.3333
707.4525	56.3095
707.4525	55.2857
707.4525	53.2381
707.4525	52.2143
707.4525	51.1905
707.4525	50.1667
707.4525	49.1429
707.4525	46.0714
707.4525	41.9762
708.4763	38.9048
708.4763	35.8333
708.4763	32.7619
708.4763	30.7143
708.4763	28.6667
708.4763	27.6429
708.4763	26.6191
708.4763	25.5952
708.4763	23.5476
708.4763	22.5238
708.4763	21.5000
708.4763	20.4762
708.4763	18.4286
708.4763	17.4048
708.4763	16.3810
708.4763	15.3571
708.4763	14.3333
708.4763	13.3095
708.4763	12.2857
708.4763	11.2619
708.4763	10.2381
708.4763	9.2143
708.4763	8.1905
708.4763	7.1667
708.4763	6.1429
708.4763	5.1190
708.4763	4.0952
708.4763	3.0714
707.4525	3.0714
707.4525	2.0476
707.4525	1.0238
706.4287	1.0238
706.4287	0.0000
705.4049	0.0000
704.3811	0.0000
703.3573	0.0000
702.3335	0.0000
701.3097	0.0000
700.2858	0.0000
699.2620	0.0000
697.2144	0.0000
696.1906	0.0000
694.1430	0.0000
693.1192	0.0000
692.0954	0.0000
691.0716	0.0000
689.0239	0.0000
685.9525	0.0000
682.8811	0.0000
680.8335	0.0000
675.7144	0.0000
672.6430	0.0000
668.5477	0.0000
665.4763	0.0000
662.4049	0.0000
661.3811	0.0000
660.3573	0.0000
659.3335	0.0000
658.3096	0.0000
656.2620	0.0000
655.2382	0.0000
653.1906	0.0000
652.1668	0.0000
649.0954	0.0000
648.0716	0.0000
647.0477	0.0000
646.0239	0.0000
645.0001	0.0000
642.9525	0.0000
641.9287	0.0000
639.8811	0.0000
638.8573	0.0000
637.8335	0.0000
635.7858	0.0000
633.7382	0.0000
630.6668	0.0000
628.6192	0.0000
625.5477	0.0000
622.4763	0.0000
620.4287	0.0000
618.3811	0.0000
617.3573	0.0000
615.3096	0.0000
613.2620	0.0000
610.1906	0.0000
607.1192	0.0000
605.0715	0.0000
603.0239	0.0000
602.0001	0.0000
599.9525	0.0000
597.9049	0.0000
594.8334	0.0000
591.7620	0.0000
587.6668	0.0000
583.5715	0.0000
578.4525	0.0000
573.3334	0.0000
567.1906	0.0000
561.0477	0.0000
556.9525	0.0000
553.8811	0.0000
552.8572	0.0000
551.8334	0.0000
550.8096	0.0000
549.7858	0.0000
546.7144	0.0000
545.6906	0.0000
543.6430	0.0000
542.6192	0.0000
539.5477	0.0000
537.5001	0.0000
534.4287	0.0000
532.3811	0.0000
531.3572	0.0000
530.3334	0.0000
529.3096	0.0000
528.2858	0.0000
527.2620	0.0000
526.2382	0.0000
525.2144	0.0000
524.1906	0.0000
523.1668	0.0000
520.0953	0.0000
517.0239	0.0000
512.9287	0.0000
509.8572	0.0000
505.7620	0.0000
502.6906	0.0000
498.5953	0.0000
492.4525	0.0000
484.2620	0.0000
478.1191	0.0000
474.0239	0.0000
468.9049	0.0000
466.8572	0.0000
464.8096	0.0000
462.7620	0.0000
461.7382	0.0000
460.7144	0.0000
458.6668	0.0000
456.6191	0.0000
455.5953	0.0000
453.5477	0.0000
452.5239	0.0000
451.5001	0.0000
450.4763	0.0000
449.4525	0.0000
448.4287	0.0000
447.4048	0.0000
446.3810	0.0000
445.3572	0.0000
444.3334	0.0000
443.3096	0.0000
442.2858	0.0000
441.2620	0.0000
440.2382	0.0000
439.2144	0.0000
438.1906	0.0000
437.1667	0.0000
436.1429	0.0000
435.1191	0.0000
434.0953	0.0000
433.0715	0.0000
431.0239	0.0000
430.0001	0.0000
427.9525	0.0000
