454	562
454	560
454	558
454	556
454	554
454	550
454	548
454	546
454	542
454	540
454	538
454	534
454	530
454	528
454	526
454	524
454	522
456	522
456	520
458	520
458	518
460	518
460	514
462	514
462	512
464	512
466	510
466	508
466	506
468	504
468	502
468	500
468	498
468	496
468	494
468	492
470	492
470	488
470	486
474	484
476	480
478	478
480	474
482	472
482	468
484	468
484	464
484	462
484	458
484	456
488	452
488	448
490	446
492	440
492	434
492	432
494	428
494	426
494	424
492	424
492	420
492	418
492	416
492	412
492	410
492	406
492	402
492	398
492	396
492	394
492	392
492	388
490	386
490	384
490	382
488	380
488	378
488	376
486	374
484	372
482	370
478	366
472	362
468	360
466	354
460	350
458	344
454	336
452	332
448	330
448	328
450	328
452	328
454	328
456	328
458	328
462	326
464	326
466	326
470	322
470	320
470	318
470	316
470	312
470	308
468	306
464	306
464	304
464	300
464	298
464	294
462	292
462	288
462	286
458	282
456	278
458	278
460	280
462	280
462	282
462	284
464	286
468	290
470	294
474	296
476	302
480	304
480	308
480	310
482	314
486	316
486	320
486	324
488	324
488	328
490	330
492	330
492	332
496	336
500	340
502	342
504	342
506	346
508	348
508	350
508	354
512	354
514	356
514	358
518	358
520	360
520	362
520	364
524	364
526	366
528	370
530	370
530	372
532	372
534	372
536	372
538	372
540	372
542	372
544	372
546	372
548	372
550	372
552	370
556	368
556	366
556	362
560	362
560	358
562	356
564	356
566	354
568	354
568	352
570	352
572	352
574	352
576	352
578	352
580	350
582	350
584	350
588	348
590	348
594	348
596	346
600	346
606	346
610	344
612	344
618	344
620	340
622	340
624	340
626	340
628	340
628	338
628	336
628	334
628	330
626	330
626	328
626	326
624	326
624	324
624	322
622	320
622	318
622	316
622	314
622	312
622	310
620	308
620	306
620	304
620	302
620	300
620	298
620	294
620	292
620	288
620	286
620	282
620	280
620	276
620	274
620	270
620	268
620	264
620	262
620	260
620	254
620	250
620	248
620	242
620	240
620	236
620	234
620	232
620	230
620	228
620	226
620	224
620	222
620	220
620	218
620	216
620	214
620	212
620	210
620	208
620	206
620	204
622	202
622	200
624	200
624	198
626	198
626	196
626	198
626	200
630	206
632	212
638	216
644	220
646	226
650	228
652	230
652	232
656	234
656	236
658	238
658	240
658	242
658	244
658	246
658	248
658	250
658	252
658	256
658	258
660	258
660	262
660	264
660	266
660	268
660	270
660	272
660	274
660	276
660	278
660	280
660	282
658	282
658	284
658	286
658	288
658	292
658	294
658	296
658	298
658	300
658	302
658	304
658	306
658	308
658	310
658	312
658	314
660	314
662	316
664	318
668	318
670	320
672	320
674	320
676	320
678	322
680	322
680	324
682	324
684	324
686	324
686	328
690	328
692	328
696	328
698	328
698	332
700	332
704	332
706	334
710	334
712	334
718	334
720	334
722	334
726	334
728	334
732	334
736	334
738	334
740	334
742	334
744	334
744	332
744	330
746	330
748	328
750	328
754	328
756	328
760	326
762	324
764	322
764	318
764	316
768	316
770	312
770	310
774	310
776	308
778	308
784	304
790	302
794	300
798	300
800	300
804	300
806	300
806	302
806	304
806	306
806	308
806	310
804	312
802	314
798	316
796	316
794	318
794	320
792	320
792	324
790	324
786	326
786	328
784	328
784	330
782	330
782	332
782	334
778	334
778	336
778	338
778	340
778	342
778	344
782	344
782	346
782	348
784	350
788	350
788	352
792	352
794	352
794	354
796	354
800	354
802	356
804	356
806	358
808	358
810	358
812	358
814	358
816	358
818	358
820	356
822	354
824	354
826	354
826	350
830	348
834	348
836	348
836	344
840	344
842	342
848	342
850	342
852	342
854	342
858	342
860	342
864	342
866	342
870	342
872	342
876	342
878	342
882	342
884	342
886	342
888	342
890	342
892	342
894	342
896	342
896	346
898	346
900	348
902	350
902	352
902	354
906	354
906	356
906	358
908	360
908	362
908	364
910	366
910	368
910	370
910	372
910	374
910	376
910	378
910	380
910	382
910	384
910	388
910	390
910	394
910	396
910	398
910	400
910	402
910	404
910	408
910	410
910	412
910	414
906	414
904	414
902	416
900	416
898	416
898	418
896	418
894	418
894	420
892	420
892	422
888	422
888	424
888	426
886	426
886	428
886	430
886	432
886	434
886	436
888	436
888	440
890	440
890	442
894	442
894	444
896	446
900	448
900	450
902	452
906	454
906	456
908	456
910	456
910	458
912	458
912	462
912	464
916	464
916	466
918	466
918	468
920	468
920	470
924	470
924	472
926	472
928	472
928	474
932	474
934	474
934	478
936	478
936	480
936	482
940	482
940	484
942	486
944	486
944	488
946	490
948	492
954	494
958	496
962	498
964	502
966	502
968	502
972	502
972	504
974	504
976	504
976	508
978	510
982	510
986	510
988	514
990	514
994	516
996	518
1000	522
1002	524
1006	526
1006	528
1010	528
1010	530
1012	530
1012	532
1012	534
1014	534
1014	536
1014	538
1016	538
1018	540
1020	542
1022	542
1022	544
1024	546
1026	548
1030	548
1030	552
1030	554
1030	556
1030	558
1030	560
1030	562
1032	564
1032	566
1032	568
1032	570
1032	572
1032	574
1032	576
1032	578
1032	580
1030	582
1028	584
1024	588
1022	588
1020	588
1020	590
1016	590
1014	590
1012	590
1008	590
1006	588
1002	588
1002	586
998	586
996	584
996	582
992	582
990	580
988	580
984	576
982	576
980	576
978	572
974	570
972	568
970	564
968	564
966	560
964	558
964	556
962	554
962	552
960	550
956	550
956	548
952	548
950	548
948	546
944	546
942	542
938	542
936	542
932	542
932	540
928	540
926	538
924	536
922	534
920	534
918	534
916	532
914	528
910	528
904	524
902	522
898	518
896	516
894	516
894	514
890	514
888	514
886	514
884	514
882	514
878	514
878	516
876	520
874	520
872	522
872	526
868	528
866	532
864	534
862	538
862	540
862	542
862	544
862	546
864	548
866	550
870	554
874	556
878	560
878	562
880	564
882	566
884	568
884	572
886	572
886	574
886	576
888	576
888	578
888	580
888	582
888	584
890	584
890	588
890	590
890	592
888	592
886	592
884	592
880	592
878	592
876	592
872	592
870	592
866	592
864	592
862	592
862	594
860	594
860	596
858	598
858	600
858	602
854	604
852	608
850	614
848	616
846	620
844	622
842	622
842	624
840	624
840	628
840	630
840	632
840	636
838	638
838	640
838	642
838	644
838	646
838	648
836	650
836	652
836	654
834	654
834	656
834	658
832	658
832	660
832	662
828	662
828	664
826	668
824	668
822	672
820	674
816	678
816	680
816	682
816	684
812	688
812	690
810	694
808	696
808	698
804	698
804	700
802	702
800	702
798	704
796	704
794	706
792	706
792	708
790	708
788	710
786	710
784	712
782	712
782	714
780	714
780	716
778	716
776	716
774	716
772	716
772	720
770	720
766	720
764	720
764	722
760	722
758	722
754	724
752	724
746	726
742	726
736	726
732	728
726	728
724	728
720	728
718	728
718	730
716	730
714	730
712	730
710	730
708	730
704	730
704	732
702	732
700	732
698	732
696	732
694	734
692	734
692	736
690	736
688	736
686	736
684	734
682	734
680	734
680	732
678	732
678	730
676	730
674	730
674	728
672	728
672	726
670	726
670	722
670	720
668	720
668	718
666	716
664	716
664	714
664	712
662	712
662	710
660	710
660	708
658	708
658	706
656	706
656	704
652	704
652	702
650	702
650	698
648	698
648	696
644	696
642	696
642	694
640	694
640	692
638	692
634	692
634	690
632	690
632	688
628	688
626	688
624	686
622	686
622	684
620	684
618	684
618	680
616	680
612	680
610	680
608	680
606	680
606	678
606	676
604	676
604	674
604	672
604	670
600	670
600	668
598	666
596	664
596	662
594	662
594	660
590	660
590	658
588	658
586	658
586	656
582	656
582	654
580	654
578	654
578	652
576	652
574	650
572	650
570	650
570	648
568	648
566	646
564	644
562	642
560	642
560	638
558	638
558	636
556	636
554	636
550	634
548	634
546	632
544	632
544	630
542	630
540	630
540	628
538	626
536	626
536	624
534	624
532	624
530	624
528	624
528	622
526	622
524	622
522	620
522	618
520	618
520	616
516	616
516	614
512	614
510	614
508	612
504	608
500	608
500	604
498	604
496	602
494	602
494	600
492	600
490	600
490	598
488	598
486	598
486	596
484	596
482	594
480	594
480	592
478	592
478	590
476	590
476	586
474	586
474	584
474	582
470	582
468	582
468	580
466	580
466	578
464	578
462	578
462	574
460	574
460	572
460	570
458	570
458	568
458	566
456	566
456	564
456	562
