802	282
800	282
798	282
796	282
796	284
794	284
792	284
790	284
790	286
786	286
784	288
782	288
780	288
780	290
778	290
778	292
776	292
776	294
774	294
772	296
770	296
770	298
768	300
766	300
766	302
762	302
760	302
760	304
758	304
758	306
754	306
754	308
750	308
750	310
748	310
748	312
744	312
744	314
744	316
742	316
742	318
740	320
738	320
738	324
736	324
734	324
734	328
732	328
732	330
730	332
728	334
728	336
726	336
724	338
724	340
722	340
722	342
718	342
716	344
716	348
714	350
714	352
710	352
710	354
708	354
708	356
706	358
706	360
704	364
704	366
702	366
702	368
702	370
702	372
700	372
700	374
700	376
698	378
696	378
696	380
694	382
692	382
692	386
690	386
690	388
688	390
686	392
684	392
682	394
680	394
676	394
674	394
670	394
668	394
664	394
660	394
658	394
654	394
652	394
648	394
646	394
644	394
642	394
642	396
640	396
638	396
636	396
636	400
634	400
632	400
630	400
628	400
626	400
624	400
624	402
622	402
620	402
618	404
616	404
616	406
614	406
612	406
612	408
610	408
606	408
606	410
604	410
604	412
602	412
600	412
596	412
594	412
592	416
590	416
588	416
586	418
584	418
582	418
582	420
578	420
576	420
576	422
574	422
572	424
570	424
570	426
568	426
566	426
564	428
564	430
562	432
560	434
558	436
556	438
554	440
554	442
552	442
550	442
546	446
546	448
542	450
540	454
536	458
534	460
530	466
528	470
528	472
526	474
522	478
522	480
522	484
518	484
518	488
516	488
514	490
512	492
510	496
508	496
508	498
506	500
506	502
506	504
506	506
502	506
502	508
502	510
502	514
498	520
498	522
498	526
498	528
498	530
498	532
498	534
498	536
498	538
498	540
498	544
498	546
498	550
498	552
500	556
504	558
506	564
510	568
512	572
516	574
516	576
516	578
518	578
518	580
520	580
522	582
524	584
526	586
526	590
528	590
528	594
530	596
532	598
534	600
534	602
536	602
536	604
538	604
544	608
548	610
550	612
554	614
556	618
558	618
560	620
562	620
564	620
566	620
570	624
574	624
576	626
580	628
584	628
586	632
590	632
592	632
596	632
598	632
602	632
604	636
606	636
610	636
612	636
614	636
616	636
622	638
626	638
628	638
630	638
630	640
630	644
630	646
630	648
634	648
634	650
634	652
636	652
636	654
638	656
638	660
640	662
640	664
642	664
642	668
646	668
646	670
648	670
648	672
652	672
654	674
656	674
656	678
658	680
660	680
662	680
664	680
668	682
670	682
674	682
676	682
682	682
684	686
686	686
688	686
690	686
692	686
694	686
696	684
700	684
702	684
702	680
704	680
706	680
708	680
710	680
712	680
714	680
714	678
716	676
718	676
718	672
720	672
720	670
722	670
722	668
724	668
724	666
726	666
728	666
730	666
730	664
734	664
736	664
740	660
742	660
746	660
748	660
752	660
754	664
756	668
756	670
758	670
760	670
762	672
764	672
764	674
768	674
770	674
770	676
772	676
774	676
774	678
778	678
780	682
784	682
786	684
788	684
790	684
792	686
794	688
796	690
796	692
800	692
800	694
800	696
800	698
802	700
804	700
804	702
806	704
806	706
808	708
812	714
812	716
816	716
818	718
820	718
820	720
820	722
824	722
824	724
826	724
828	724
828	726
828	728
832	728
832	730
832	732
832	734
834	734
834	736
834	738
834	740
836	742
838	744
838	746
842	748
842	750
844	752
844	754
846	754
846	756
848	758
848	760
850	762
850	764
852	764
852	766
854	766
854	768
856	770
856	772
858	774
858	776
858	778
860	778
860	780
860	782
862	782
862	784
864	786
864	788
866	788
866	790
868	790
868	792
870	792
872	794
874	794
876	794
876	796
878	796
880	796
882	796
886	796
888	796
890	794
890	792
890	790
890	788
890	786
890	784
890	782
890	780
890	778
890	776
890	774
890	772
890	770
890	768
886	768
886	766
884	766
882	766
882	762
880	760
878	760
878	758
876	758
876	754
876	752
874	752
872	752
872	748
872	746
868	746
868	744
868	742
868	740
868	738
866	738
866	736
866	734
866	732
864	730
864	728
864	726
862	724
862	722
862	720
860	720
860	718
860	716
860	714
860	712
856	712
856	710
854	708
852	708
852	704
850	702
848	702
848	698
846	698
844	696
842	696
842	694
838	694
836	694
836	692
834	690
832	690
830	688
828	688
828	686
826	684
824	682
822	682
818	680
818	678
812	676
806	672
804	670
802	666
798	666
796	664
794	664
794	662
790	662
788	660
786	660
786	658
784	658
784	656
782	656
782	654
778	654
774	650
772	648
770	646
768	644
766	644
762	642
760	642
760	640
758	640
758	636
756	634
754	632
754	630
754	628
752	626
752	624
752	622
756	622
762	622
766	622
768	618
774	618
778	618
780	618
784	618
786	618
788	618
788	616
788	614
790	612
790	610
792	610
792	608
794	608
798	610
804	616
808	620
814	622
816	624
820	624
822	624
824	624
826	624
826	622
826	620
824	618
822	616
820	616
818	614
816	614
816	610
816	608
814	608
814	606
814	604
814	602
814	600
814	598
814	596
814	594
814	592
814	590
816	588
818	586
822	586
822	584
824	584
824	582
826	582
826	580
826	578
828	576
830	574
834	570
836	566
840	564
842	562
842	558
846	558
846	554
848	554
848	552
848	550
848	548
848	546
850	546
852	544
852	542
854	542
856	540
858	538
860	536
860	534
862	534
862	530
866	528
866	526
868	524
868	522
868	518
870	518
870	516
870	514
872	514
876	514
878	514
880	514
880	516
882	516
884	516
884	520
886	520
888	520
890	520
892	520
894	520
896	522
898	522
900	522
902	522
904	522
906	522
910	522
912	522
916	522
918	522
920	522
920	520
918	518
916	516
914	516
912	514
910	512
908	510
908	508
908	506
906	506
906	504
904	504
902	502
902	500
900	500
900	498
900	496
898	494
896	494
896	492
892	492
890	490
888	490
886	488
884	486
884	484
880	484
878	482
878	480
874	478
872	478
870	478
870	476
866	476
864	476
862	476
862	474
860	474
858	474
856	474
856	472
854	472
854	468
852	468
850	466
848	464
848	462
848	460
846	456
844	454
838	450
832	448
826	444
824	442
822	440
822	438
822	436
818	436
818	434
818	430
818	428
818	424
818	422
818	420
818	418
818	416
818	414
818	410
818	406
818	402
816	396
816	394
816	390
816	386
814	384
814	380
814	378
814	376
814	374
812	372
812	370
812	368
812	366
812	364
812	360
812	358
812	356
812	354
812	352
812	350
812	348
812	346
812	344
810	344
810	342
810	340
810	338
810	336
810	334
810	332
810	330
810	328
810	326
810	324
810	322
810	320
810	318
810	316
812	316
812	312
812	310
812	308
812	306
812	304
812	302
812	300
812	298
812	296
812	294
812	292
812	290
812	288
810	286
810	284
806	284
806	282
804	282
804	280
802	280
