100.3334	315.3334
101.3572	316.3572
103.4048	317.3810
104.4286	319.4286
106.4762	321.4763
109.5476	322.5001
109.5476	324.5477
110.5714	325.5715
112.6191	325.5715
112.6191	326.5953
113.6429	327.6191
113.6429	328.6429
113.6429	330.6905
114.6667	331.7143
116.7143	332.7382
116.7143	334.7858
117.7381	334.7858
117.7381	335.8096
118.7619	335.8096
118.7619	337.8572
118.7619	338.8810
118.7619	339.9048
119.7857	340.9286
119.7857	342.9763
120.8095	342.9763
120.8095	344.0001
121.8334	345.0239
123.8810	345.0239
123.8810	346.0477
123.8810	347.0715
122.8572	347.0715
120.8095	347.0715
119.7857	347.0715
117.7381	347.0715
115.6905	347.0715
114.6667	347.0715
112.6191	347.0715
111.5953	347.0715
110.5714	349.1191
108.5238	349.1191
107.5000	349.1191
106.4762	349.1191
105.4524	349.1191
103.4048	349.1191
101.3572	349.1191
99.3095	349.1191
97.2619	349.1191
95.2143	349.1191
94.1905	349.1191
93.1667	350.1429
91.1191	350.1429
90.0953	350.1429
89.0714	350.1429
88.0476	350.1429
87.0238	350.1429
87.0238	351.1667
87.0238	352.1905
87.0238	353.2144
86.0000	354.2382
86.0000	355.2620
84.9762	355.2620
84.9762	356.2858
83.9524	357.3096
82.9286	357.3096
80.8810	359.3572
80.8810	360.3810
79.8572	360.3810
78.8333	362.4286
77.8095	362.4286
77.8095	363.4525
75.7619	363.4525
75.7619	365.5001
74.7381	365.5001
74.7381	366.5239
74.7381	367.5477
74.7381	368.5715
75.7619	369.5953
77.8095	370.6191
77.8095	372.6667
78.8333	372.6667
79.8572	372.6667
80.8810	373.6905
82.9286	374.7144
82.9286	375.7382
83.9524	375.7382
83.9524	376.7620
84.9762	376.7620
84.9762	377.7858
84.9762	378.8096
87.0238	378.8096
87.0238	379.8334
87.0238	380.8572
87.0238	381.8810
87.0238	382.9048
87.0238	383.9286
84.9762	383.9286
84.9762	384.9525
84.9762	385.9763
83.9524	385.9763
83.9524	388.0239
82.9286	389.0477
81.9048	390.0715
80.8810	391.0953
79.8572	392.1191
77.8095	392.1191
76.7857	394.1667
75.7619	395.1906
75.7619	396.2144
75.7619	397.2382
75.7619	398.2620
77.8095	398.2620
78.8333	399.2858
79.8572	400.3096
80.8810	400.3096
82.9286	401.3334
83.9524	402.3572
87.0238	402.3572
88.0476	404.4048
90.0953	404.4048
92.1429	404.4048
93.1667	405.4286
95.2143	405.4286
96.2381	406.4525
97.2619	407.4763
99.3095	407.4763
100.3334	408.5001
101.3572	408.5001
102.3810	409.5239
104.4286	409.5239
104.4286	410.5477
104.4286	411.5715
104.4286	412.5953
104.4286	414.6429
104.4286	415.6667
104.4286	416.6906
104.4286	417.7144
104.4286	419.7620
102.3810	419.7620
102.3810	421.8096
101.3572	421.8096
101.3572	422.8334
100.3334	422.8334
99.3095	422.8334
99.3095	423.8572
98.2857	423.8572
97.2619	424.8810
97.2619	426.9287
96.2381	426.9287
96.2381	427.9525
96.2381	428.9763
96.2381	430.0001
96.2381	432.0477
96.2381	433.0715
96.2381	434.0953
96.2381	435.1191
96.2381	436.1429
98.2857	436.1429
99.3095	437.1667
100.3334	438.1906
101.3572	438.1906
103.4048	439.2144
104.4286	439.2144
105.4524	439.2144
107.5000	439.2144
109.5476	439.2144
112.6191	441.2620
114.6667	441.2620
117.7381	441.2620
119.7857	442.2858
121.8334	442.2858
123.8810	442.2858
124.9048	442.2858
126.9524	442.2858
127.9762	442.2858
130.0238	442.2858
132.0715	442.2858
134.1191	442.2858
135.1429	442.2858
137.1905	442.2858
138.2143	442.2858
141.2857	442.2858
143.3334	442.2858
145.3810	442.2858
146.4048	442.2858
148.4524	442.2858
150.5000	442.2858
151.5238	442.2858
153.5715	442.2858
154.5953	442.2858
155.6191	442.2858
156.6429	442.2858
157.6667	442.2858
158.6905	442.2858
159.7143	442.2858
161.7619	442.2858
162.7857	442.2858
164.8334	442.2858
166.8810	442.2858
170.9762	442.2858
174.0477	442.2858
178.1429	442.2858
181.2143	442.2858
183.2619	442.2858
184.2857	442.2858
185.3096	442.2858
186.3334	442.2858
187.3572	442.2858
187.3572	443.3096
189.4048	443.3096
190.4286	443.3096
191.4524	443.3096
192.4762	443.3096
193.5000	443.3096
194.5238	444.3334
196.5715	444.3334
197.5953	444.3334
198.6191	445.3572
199.6429	445.3572
201.6905	445.3572
202.7143	445.3572
202.7143	446.3810
203.7381	446.3810
204.7619	446.3810
207.8334	447.4048
208.8572	447.4048
210.9048	447.4048
211.9286	447.4048
213.9762	448.4287
215.0000	448.4287
217.0477	448.4287
218.0715	449.4525
220.1191	449.4525
220.1191	450.4763
222.1667	450.4763
223.1905	450.4763
224.2143	450.4763
225.2381	450.4763
226.2619	450.4763
227.2858	450.4763
228.3096	451.5001
229.3334	451.5001
231.3810	452.5239
233.4286	452.5239
234.4524	452.5239
235.4762	452.5239
236.5000	453.5477
238.5477	453.5477
241.6191	453.5477
244.6905	453.5477
247.7620	455.5953
250.8334	456.6191
253.9048	457.6429
256.9762	459.6906
258.0000	459.6906
260.0477	460.7144
263.1191	462.7620
265.1667	462.7620
266.1905	463.7858
267.2143	463.7858
267.2143	464.8096
268.2381	464.8096
269.2620	464.8096
269.2620	465.8334
270.2858	465.8334
271.3096	466.8572
272.3334	467.8810
273.3572	467.8810
273.3572	468.9049
274.3810	468.9049
274.3810	469.9287
276.4286	469.9287
277.4524	470.9525
278.4762	470.9525
278.4762	471.9763
278.4762	473.0001
279.5001	473.0001
280.5239	473.0001
280.5239	474.0239
281.5477	474.0239
281.5477	475.0477
283.5953	475.0477
284.6191	475.0477
285.6429	475.0477
286.6667	475.0477
287.6905	475.0477
288.7143	475.0477
290.7620	475.0477
291.7858	475.0477
292.8096	475.0477
293.8334	475.0477
295.8810	475.0477
296.9048	475.0477
297.9286	476.0715
298.9524	476.0715
301.0001	476.0715
301.0001	477.0953
301.0001	479.1429
302.0239	479.1429
302.0239	480.1668
302.0239	481.1906
302.0239	482.2144
302.0239	483.2382
302.0239	484.2620
302.0239	485.2858
302.0239	486.3096
302.0239	488.3572
303.0477	489.3810
303.0477	490.4049
303.0477	491.4287
303.0477	492.4525
303.0477	494.5001
303.0477	495.5239
303.0477	496.5477
303.0477	497.5715
303.0477	498.5953
303.0477	500.6430
303.0477	501.6668
303.0477	502.6906
303.0477	503.7144
303.0477	504.7382
303.0477	505.7620
303.0477	506.7858
303.0477	508.8334
303.0477	509.8572
303.0477	510.8810
303.0477	511.9049
303.0477	512.9287
303.0477	513.9525
303.0477	514.9763
303.0477	516.0001
304.0715	517.0239
304.0715	518.0477
304.0715	519.0715
304.0715	520.0953
304.0715	521.1191
305.0953	521.1191
305.0953	522.1430
305.0953	523.1668
305.0953	524.1906
306.1191	524.1906
307.1429	525.2144
308.1667	525.2144
309.1905	526.2382
310.2143	526.2382
311.2382	526.2382
313.2858	526.2382
314.3096	526.2382
315.3334	526.2382
316.3572	526.2382
316.3572	528.2858
317.3810	528.2858
318.4048	528.2858
319.4286	528.2858
320.4524	528.2858
321.4763	528.2858
322.5001	528.2858
323.5239	529.3096
324.5477	529.3096
325.5715	529.3096
326.5953	529.3096
329.6667	529.3096
332.7382	529.3096
334.7858	529.3096
335.8096	529.3096
338.8810	529.3096
339.9048	529.3096
341.9524	529.3096
342.9763	531.3572
344.0001	531.3572
345.0239	531.3572
346.0477	531.3572
347.0715	531.3572
348.0953	531.3572
349.1191	531.3572
350.1429	531.3572
351.1667	531.3572
354.2382	531.3572
355.2620	531.3572
357.3096	531.3572
358.3334	531.3572
359.3572	531.3572
362.4286	531.3572
363.4525	531.3572
365.5001	531.3572
366.5239	531.3572
368.5715	531.3572
370.6191	531.3572
371.6429	531.3572
373.6905	531.3572
375.7382	531.3572
377.7858	531.3572
378.8096	531.3572
380.8572	531.3572
381.8810	531.3572
382.9048	531.3572
383.9286	531.3572
387.0001	531.3572
388.0239	531.3572
390.0715	531.3572
392.1191	531.3572
395.1906	531.3572
397.2382	531.3572
399.2858	531.3572
400.3096	531.3572
401.3334	531.3572
401.3334	532.3811
402.3572	532.3811
403.3810	532.3811
405.4286	532.3811
406.4525	532.3811
408.5001	532.3811
409.5239	532.3811
412.5953	532.3811
413.6191	532.3811
414.6429	532.3811
416.6906	532.3811
419.7620	532.3811
420.7858	532.3811
423.8572	532.3811
425.9048	532.3811
428.9763	532.3811
434.0953	532.3811
438.1906	532.3811
443.3096	532.3811
447.4048	532.3811
449.4525	532.3811
452.5239	532.3811
454.5715	532.3811
456.6191	532.3811
457.6429	532.3811
459.6906	532.3811
460.7144	532.3811
461.7382	532.3811
462.7620	532.3811
463.7858	532.3811
464.8096	532.3811
466.8572	532.3811
469.9287	532.3811
474.0239	531.3572
478.1191	531.3572
481.1906	531.3572
484.2620	531.3572
487.3334	531.3572
490.4049	531.3572
492.4525	531.3572
493.4763	531.3572
495.5239	531.3572
496.5477	531.3572
499.6191	531.3572
501.6668	531.3572
504.7382	531.3572
507.8096	531.3572
510.8810	531.3572
513.9525	531.3572
517.0239	531.3572
519.0715	531.3572
521.1191	531.3572
522.1430	530.3334
524.1906	530.3334
525.2144	530.3334
526.2382	530.3334
527.2620	530.3334
529.3096	530.3334
530.3334	530.3334
532.3811	530.3334
533.4049	530.3334
534.4287	530.3334
536.4763	530.3334
537.5001	530.3334
538.5239	530.3334
540.5715	530.3334
541.5953	529.3096
542.6192	529.3096
543.6430	529.3096
544.6668	529.3096
545.6906	529.3096
546.7144	528.2858
546.7144	527.2620
547.7382	527.2620
547.7382	526.2382
547.7382	525.2144
547.7382	524.1906
547.7382	523.1668
545.6906	523.1668
545.6906	522.1430
545.6906	521.1191
545.6906	520.0953
545.6906	519.0715
545.6906	518.0477
544.6668	518.0477
544.6668	517.0239
544.6668	516.0001
544.6668	514.9763
544.6668	513.9525
544.6668	512.9287
544.6668	511.9049
544.6668	510.8810
544.6668	509.8572
544.6668	507.8096
544.6668	506.7858
542.6192	505.7620
542.6192	503.7144
542.6192	502.6906
542.6192	500.6430
542.6192	497.5715
542.6192	496.5477
542.6192	495.5239
542.6192	493.4763
542.6192	492.4525
540.5715	491.4287
540.5715	490.4049
540.5715	489.3810
540.5715	488.3572
540.5715	487.3334
538.5239	485.2858
538.5239	484.2620
538.5239	483.2382
538.5239	482.2144
537.5001	482.2144
537.5001	481.1906
536.4763	480.1668
536.4763	479.1429
536.4763	478.1191
536.4763	476.0715
536.4763	475.0477
536.4763	474.0239
536.4763	473.0001
536.4763	470.9525
535.4525	469.9287
535.4525	468.9049
535.4525	467.8810
535.4525	466.8572
535.4525	465.8334
535.4525	464.8096
535.4525	462.7620
535.4525	461.7382
535.4525	459.6906
535.4525	458.6668
535.4525	457.6429
535.4525	456.6191
535.4525	455.5953
535.4525	453.5477
535.4525	452.5239
535.4525	451.5001
535.4525	450.4763
535.4525	449.4525
535.4525	448.4287
536.4763	446.3810
537.5001	445.3572
537.5001	443.3096
538.5239	442.2858
539.5477	439.2144
540.5715	437.1667
541.5953	436.1429
541.5953	435.1191
541.5953	434.0953
542.6192	434.0953
542.6192	433.0715
542.6192	432.0477
542.6192	431.0239
543.6430	430.0001
543.6430	428.9763
543.6430	427.9525
544.6668	425.9048
546.7144	423.8572
547.7382	422.8334
547.7382	420.7858
548.7620	419.7620
548.7620	417.7144
549.7858	416.6906
549.7858	414.6429
549.7858	412.5953
549.7858	411.5715
549.7858	410.5477
549.7858	409.5239
549.7858	408.5001
549.7858	407.4763
549.7858	406.4525
549.7858	404.4048
549.7858	403.3810
549.7858	401.3334
549.7858	399.2858
549.7858	397.2382
549.7858	395.1906
549.7858	394.1667
549.7858	392.1191
549.7858	391.0953
549.7858	390.0715
549.7858	389.0477
549.7858	387.0001
549.7858	385.9763
549.7858	383.9286
549.7858	382.9048
550.8096	381.8810
550.8096	380.8572
550.8096	379.8334
550.8096	378.8096
550.8096	377.7858
550.8096	376.7620
550.8096	375.7382
552.8572	373.6905
552.8572	372.6667
552.8572	370.6191
552.8572	369.5953
552.8572	368.5715
553.8811	367.5477
553.8811	365.5001
553.8811	364.4763
553.8811	363.4525
553.8811	362.4286
553.8811	361.4048
553.8811	360.3810
554.9049	360.3810
554.9049	359.3572
554.9049	357.3096
555.9287	356.2858
555.9287	354.2382
556.9525	354.2382
556.9525	352.1905
556.9525	351.1667
556.9525	349.1191
557.9763	348.0953
557.9763	347.0715
559.0001	346.0477
560.0239	344.0001
560.0239	342.9763
560.0239	341.9524
560.0239	340.9286
562.0715	340.9286
562.0715	339.9048
562.0715	338.8810
563.0953	338.8810
563.0953	337.8572
565.1430	337.8572
565.1430	336.8334
565.1430	335.8096
565.1430	334.7858
566.1668	333.7620
566.1668	332.7382
566.1668	331.7143
566.1668	330.6905
566.1668	329.6667
566.1668	328.6429
568.2144	328.6429
568.2144	327.6191
568.2144	326.5953
568.2144	325.5715
568.2144	324.5477
568.2144	323.5239
569.2382	321.4763
571.2858	319.4286
571.2858	318.4048
571.2858	315.3334
573.3334	313.2858
574.3573	312.2620
575.3811	310.2143
577.4287	307.1429
578.4525	306.1191
580.5001	304.0715
581.5239	303.0477
582.5477	301.0001
585.6192	301.0001
586.6430	298.9524
588.6906	297.9286
591.7620	296.9048
594.8334	294.8572
596.8811	294.8572
599.9525	293.8334
603.0239	292.8096
606.0954	291.7858
607.1192	289.7382
609.1668	289.7382
611.2144	288.7143
612.2382	287.6905
613.2620	286.6667
614.2858	286.6667
615.3096	285.6429
616.3335	285.6429
618.3811	285.6429
619.4049	285.6429
621.4525	284.6191
622.4763	284.6191
623.5001	284.6191
624.5239	284.6191
626.5715	284.6191
627.5954	284.6191
628.6192	284.6191
629.6430	284.6191
631.6906	284.6191
632.7144	284.6191
633.7382	284.6191
634.7620	284.6191
635.7858	284.6191
637.8335	284.6191
638.8573	283.5953
639.8811	283.5953
640.9049	283.5953
641.9287	283.5953
642.9525	283.5953
643.9763	283.5953
646.0239	283.5953
647.0477	283.5953
648.0716	283.5953
650.1192	284.6191
651.1430	285.6429
652.1668	286.6667
653.1906	288.7143
655.2382	288.7143
656.2620	290.7620
657.2858	291.7858
659.3335	291.7858
660.3573	293.8334
662.4049	294.8572
662.4049	295.8810
662.4049	296.9048
664.4525	296.9048
664.4525	297.9286
664.4525	298.9524
665.4763	298.9524
667.5239	301.0001
668.5477	302.0239
669.5716	302.0239
669.5716	299.9762
669.5716	298.9524
669.5716	296.9048
669.5716	295.8810
669.5716	292.8096
669.5716	291.7858
669.5716	289.7382
669.5716	287.6905
669.5716	286.6667
669.5716	285.6429
669.5716	283.5953
669.5716	282.5715
669.5716	281.5477
669.5716	280.5239
667.5239	278.4762
666.5001	276.4286
665.4763	275.4048
664.4525	272.3334
662.4049	269.2620
661.3811	268.2381
661.3811	266.1905
661.3811	264.1429
660.3573	263.1191
660.3573	262.0953
660.3573	261.0715
660.3573	260.0477
660.3573	259.0239
659.3335	259.0239
659.3335	258.0000
658.3096	256.9762
657.2858	255.9524
657.2858	253.9048
655.2382	253.9048
655.2382	252.8810
654.2144	252.8810
654.2144	250.8334
652.1668	250.8334
652.1668	249.8096
652.1668	247.7620
652.1668	245.7143
652.1668	244.6905
652.1668	243.6667
652.1668	242.6429
652.1668	241.6191
652.1668	240.5953
652.1668	238.5477
652.1668	237.5239
653.1906	237.5239
653.1906	235.4762
654.2144	235.4762
656.2620	235.4762
657.2858	235.4762
659.3335	233.4286
661.3811	233.4286
662.4049	233.4286
665.4763	232.4048
666.5001	232.4048
668.5477	232.4048
671.6192	232.4048
674.6906	232.4048
676.7382	232.4048
678.7858	232.4048
679.8097	232.4048
680.8335	232.4048
682.8811	232.4048
683.9049	232.4048
684.9287	232.4048
685.9525	232.4048
686.9763	232.4048
688.0001	232.4048
689.0239	231.3810
690.0478	231.3810
690.0478	230.3572
691.0716	230.3572
691.0716	229.3334
692.0954	229.3334
692.0954	228.3096
692.0954	227.2858
692.0954	226.2619
692.0954	225.2381
691.0716	224.2143
691.0716	223.1905
690.0478	222.1667
689.0239	222.1667
689.0239	221.1429
688.0001	220.1191
686.9763	219.0953
685.9525	218.0715
685.9525	217.0477
684.9287	215.0000
683.9049	215.0000
681.8573	212.9524
681.8573	211.9286
680.8335	210.9048
679.8097	209.8810
678.7858	208.8572
677.7620	205.7858
676.7382	203.7381
676.7382	202.7143
675.7144	200.6667
675.7144	198.6191
675.7144	197.5953
675.7144	196.5715
675.7144	195.5477
675.7144	194.5238
675.7144	193.5000
677.7620	193.5000
677.7620	192.4762
677.7620	190.4286
678.7858	190.4286
679.8097	189.4048
680.8335	189.4048
681.8573	188.3810
682.8811	188.3810
682.8811	186.3334
684.9287	185.3096
685.9525	184.2857
686.9763	184.2857
688.0001	184.2857
688.0001	183.2619
689.0239	183.2619
689.0239	182.2381
690.0478	182.2381
690.0478	180.1905
690.0478	179.1667
691.0716	179.1667
690.0478	179.1667
689.0239	179.1667
688.0001	179.1667
686.9763	179.1667
685.9525	179.1667
683.9049	179.1667
682.8811	179.1667
681.8573	179.1667
680.8335	179.1667
679.8097	179.1667
676.7382	178.1429
675.7144	178.1429
675.7144	177.1191
674.6906	177.1191
674.6906	175.0715
673.6668	175.0715
672.6430	175.0715
672.6430	174.0477
672.6430	173.0238
672.6430	172.0000
672.6430	168.9286
672.6430	165.8572
672.6430	162.7857
672.6430	160.7381
672.6430	159.7143
672.6430	157.6667
672.6430	156.6429
672.6430	154.5953
673.6668	153.5715
673.6668	152.5476
673.6668	151.5238
674.6906	150.5000
674.6906	149.4762
675.7144	149.4762
675.7144	148.4524
677.7620	148.4524
677.7620	147.4286
678.7858	146.4048
678.7858	144.3572
680.8335	144.3572
680.8335	143.3334
680.8335	141.2857
680.8335	140.2619
680.8335	139.2381
680.8335	138.2143
680.8335	137.1905
681.8573	136.1667
680.8335	136.1667
678.7858	137.1905
677.7620	137.1905
676.7382	139.2381
674.6906	140.2619
673.6668	142.3096
672.6430	143.3334
671.6192	145.3810
670.5954	145.3810
669.5716	145.3810
669.5716	146.4048
668.5477	146.4048
667.5239	146.4048
666.5001	146.4048
665.4763	148.4524
663.4287	148.4524
662.4049	149.4762
660.3573	149.4762
659.3335	149.4762
657.2858	150.5000
656.2620	150.5000
654.2144	151.5238
651.1430	151.5238
650.1192	152.5476
648.0716	152.5476
646.0239	152.5476
646.0239	153.5715
645.0001	153.5715
642.9525	153.5715
641.9287	154.5953
640.9049	154.5953
639.8811	154.5953
638.8573	154.5953
638.8573	155.6191
636.8096	155.6191
635.7858	155.6191
634.7620	156.6429
633.7382	156.6429
632.7144	156.6429
631.6906	156.6429
630.6668	156.6429
629.6430	156.6429
628.6192	156.6429
627.5954	156.6429
625.5477	156.6429
624.5239	156.6429
623.5001	156.6429
622.4763	156.6429
621.4525	156.6429
620.4287	156.6429
619.4049	156.6429
618.3811	156.6429
618.3811	154.5953
616.3335	154.5953
615.3096	154.5953
614.2858	154.5953
613.2620	154.5953
612.2382	154.5953
611.2144	154.5953
610.1906	154.5953
609.1668	154.5953
608.1430	154.5953
607.1192	154.5953
606.0954	154.5953
605.0715	154.5953
604.0477	154.5953
603.0239	154.5953
602.0001	153.5715
600.9763	153.5715
598.9287	153.5715
597.9049	152.5476
595.8573	152.5476
594.8334	152.5476
594.8334	151.5238
593.8096	151.5238
593.8096	150.5000
593.8096	149.4762
592.7858	148.4524
592.7858	147.4286
591.7620	146.4048
591.7620	144.3572
590.7382	142.3096
589.7144	141.2857
589.7144	140.2619
589.7144	139.2381
588.6906	138.2143
588.6906	137.1905
586.6430	137.1905
586.6430	136.1667
585.6192	135.1429
585.6192	133.0953
584.5953	133.0953
584.5953	131.0476
583.5715	130.0238
582.5477	130.0238
582.5477	129.0000
582.5477	127.9762
582.5477	126.9524
582.5477	125.9286
582.5477	123.8810
582.5477	121.8334
581.5239	120.8095
581.5239	118.7619
581.5239	117.7381
579.4763	114.6667
579.4763	111.5953
577.4287	109.5476
576.4049	106.4762
575.3811	105.4524
574.3573	103.4048
573.3334	101.3572
572.3096	100.3334
571.2858	98.2857
571.2858	97.2619
570.2620	97.2619
570.2620	95.2143
569.2382	95.2143
569.2382	94.1905
569.2382	93.1667
568.2144	93.1667
568.2144	92.1429
567.1906	91.1191
566.1668	90.0953
566.1668	89.0714
565.1430	88.0476
565.1430	87.0238
563.0953	84.9762
563.0953	82.9286
562.0715	81.9048
560.0239	79.8572
560.0239	78.8333
560.0239	76.7857
557.9763	75.7619
557.9763	73.7143
556.9525	72.6905
556.9525	71.6667
556.9525	70.6429
556.9525	69.6191
556.9525	68.5953
556.9525	67.5714
556.9525	66.5476
555.9287	66.5476
555.9287	64.5000
555.9287	63.4762
555.9287	62.4524
555.9287	61.4286
553.8811	60.4048
553.8811	57.3333
553.8811	56.3095
553.8811	54.2619
553.8811	53.2381
553.8811	51.1905
553.8811	50.1667
552.8572	49.1429
552.8572	46.0714
552.8572	45.0476
552.8572	43.0000
552.8572	41.9762
552.8572	39.9286
552.8572	38.9048
552.8572	37.8810
552.8572	36.8571
552.8572	35.8333
552.8572	34.8095
551.8334	33.7857
551.8334	31.7381
551.8334	29.6905
551.8334	28.6667
551.8334	26.6191
551.8334	25.5952
551.8334	24.5714
551.8334	21.5000
551.8334	20.4762
551.8334	18.4286
551.8334	17.4048
551.8334	16.3810
551.8334	15.3571
551.8334	14.3333
551.8334	13.3095
551.8334	12.2857
551.8334	11.2619
551.8334	10.2381
551.8334	9.2143
551.8334	8.1905
551.8334	7.1667
551.8334	6.1429
551.8334	5.1190
551.8334	4.0952
551.8334	3.0714
550.8096	3.0714
549.7858	3.0714
548.7620	3.0714
547.7382	3.0714
545.6906	3.0714
544.6668	3.0714
543.6430	3.0714
542.6192	3.0714
541.5953	3.0714
540.5715	3.0714
538.5239	5.1190
537.5001	5.1190
537.5001	6.1429
536.4763	6.1429
535.4525	6.1429
535.4525	7.1667
534.4287	7.1667
532.3811	9.2143
531.3572	9.2143
531.3572	10.2381
530.3334	10.2381
530.3334	11.2619
528.2858	11.2619
527.2620	11.2619
527.2620	12.2857
526.2382	12.2857
526.2382	14.3333
525.2144	14.3333
524.1906	14.3333
524.1906	15.3571
523.1668	15.3571
522.1430	15.3571
521.1191	15.3571
520.0953	15.3571
519.0715	15.3571
519.0715	16.3810
518.0477	16.3810
517.0239	16.3810
516.0001	16.3810
514.9763	16.3810
513.9525	16.3810
512.9287	17.4048
511.9049	17.4048
510.8810	17.4048
509.8572	17.4048
507.8096	17.4048
507.8096	18.4286
505.7620	18.4286
504.7382	18.4286
503.7144	18.4286
502.6906	18.4286
502.6906	20.4762
501.6668	20.4762
500.6430	20.4762
500.6430	21.5000
499.6191	21.5000
499.6191	22.5238
498.5953	22.5238
498.5953	23.5476
497.5715	23.5476
497.5715	24.5714
497.5715	25.5952
497.5715	26.6191
497.5715	27.6429
495.5239	27.6429
495.5239	28.6667
495.5239	29.6905
495.5239	30.7143
495.5239	32.7619
495.5239	34.8095
495.5239	35.8333
495.5239	36.8571
495.5239	37.8810
495.5239	38.9048
495.5239	39.9286
495.5239	41.9762
495.5239	43.0000
495.5239	44.0238
495.5239	45.0476
495.5239	47.0952
495.5239	49.1429
495.5239	50.1667
497.5715	52.2143
497.5715	53.2381
497.5715	55.2857
497.5715	56.3095
498.5953	59.3810
499.6191	62.4524
500.6430	63.4762
500.6430	64.5000
500.6430	66.5476
500.6430	67.5714
500.6430	68.5953
500.6430	69.6191
500.6430	70.6429
500.6430	72.6905
501.6668	73.7143
501.6668	74.7381
501.6668	76.7857
501.6668	77.8095
501.6668	79.8572
501.6668	80.8810
502.6906	82.9286
502.6906	84.9762
502.6906	87.0238
502.6906	90.0953
503.7144	92.1429
503.7144	94.1905
503.7144	97.2619
503.7144	99.3095
503.7144	100.3334
503.7144	101.3572
503.7144	103.4048
503.7144	104.4286
503.7144	105.4524
503.7144	106.4762
503.7144	108.5238
503.7144	110.5714
503.7144	111.5953
503.7144	112.6191
503.7144	113.6429
503.7144	114.6667
503.7144	116.7143
503.7144	117.7381
503.7144	120.8095
503.7144	122.8572
503.7144	125.9286
503.7144	129.0000
503.7144	132.0715
502.6906	134.1191
502.6906	137.1905
501.6668	138.2143
501.6668	140.2619
501.6668	141.2857
501.6668	142.3096
500.6430	143.3334
500.6430	144.3572
500.6430	145.3810
500.6430	146.4048
499.6191	147.4286
498.5953	149.4762
497.5715	149.4762
497.5715	150.5000
495.5239	150.5000
495.5239	151.5238
494.5001	151.5238
494.5001	152.5476
493.4763	152.5476
492.4525	152.5476
492.4525	154.5953
491.4287	155.6191
491.4287	156.6429
490.4049	156.6429
490.4049	157.6667
489.3810	157.6667
489.3810	158.6905
488.3572	158.6905
488.3572	159.7143
487.3334	159.7143
485.2858	159.7143
485.2858	161.7619
484.2620	161.7619
483.2382	161.7619
482.2144	161.7619
481.1906	161.7619
480.1668	162.7857
479.1429	162.7857
477.0953	162.7857
474.0239	162.7857
471.9763	162.7857
468.9049	163.8096
466.8572	163.8096
464.8096	163.8096
462.7620	163.8096
461.7382	163.8096
459.6906	163.8096
458.6668	163.8096
456.6191	163.8096
455.5953	163.8096
454.5715	163.8096
453.5477	163.8096
452.5239	162.7857
452.5239	161.7619
451.5001	161.7619
451.5001	159.7143
451.5001	158.6905
449.4525	157.6667
449.4525	156.6429
448.4287	155.6191
448.4287	154.5953
447.4048	153.5715
447.4048	152.5476
446.3810	152.5476
445.3572	151.5238
445.3572	150.5000
444.3334	149.4762
444.3334	148.4524
443.3096	147.4286
443.3096	146.4048
443.3096	145.3810
443.3096	143.3334
443.3096	142.3096
443.3096	141.2857
443.3096	140.2619
443.3096	139.2381
441.2620	138.2143
441.2620	137.1905
441.2620	136.1667
441.2620	135.1429
440.2382	134.1191
440.2382	133.0953
440.2382	132.0715
439.2144	130.0238
439.2144	129.0000
439.2144	126.9524
438.1906	125.9286
438.1906	124.9048
438.1906	123.8810
437.1667	123.8810
437.1667	121.8334
437.1667	120.8095
436.1429	120.8095
436.1429	119.7857
436.1429	117.7381
435.1191	117.7381
435.1191	116.7143
435.1191	115.6905
435.1191	114.6667
434.0953	113.6429
434.0953	111.5953
433.0715	109.5476
433.0715	108.5238
433.0715	107.5000
433.0715	106.4762
433.0715	105.4524
431.0239	105.4524
431.0239	103.4048
431.0239	102.3810
431.0239	100.3334
431.0239	99.3095
431.0239	98.2857
428.9763	98.2857
428.9763	97.2619
427.9525	97.2619
426.9287	97.2619
426.9287	96.2381
425.9048	96.2381
424.8810	96.2381
424.8810	94.1905
423.8572	94.1905
423.8572	93.1667
422.8334	93.1667
422.8334	91.1191
422.8334	90.0953
421.8096	90.0953
420.7858	90.0953
419.7620	90.0953
418.7382	91.1191
417.7144	91.1191
417.7144	93.1667
416.6906	93.1667
415.6667	93.1667
415.6667	94.1905
414.6429	94.1905
414.6429	95.2143
414.6429	96.2381
414.6429	97.2619
414.6429	98.2857
414.6429	99.3095
414.6429	100.3334
413.6191	100.3334
413.6191	101.3572
412.5953	101.3572
412.5953	102.3810
411.5715	102.3810
411.5715	104.4286
410.5477	105.4524
408.5001	105.4524
408.5001	106.4762
408.5001	107.5000
407.4763	108.5238
407.4763	109.5476
406.4525	109.5476
405.4286	111.5953
405.4286	112.6191
404.4048	112.6191
404.4048	113.6429
404.4048	114.6667
404.4048	115.6905
404.4048	116.7143
404.4048	118.7619
404.4048	120.8095
404.4048	121.8334
404.4048	123.8810
404.4048	124.9048
404.4048	125.9286
404.4048	126.9524
404.4048	127.9762
404.4048	130.0238
404.4048	131.0476
404.4048	133.0953
404.4048	134.1191
404.4048	136.1667
404.4048	137.1905
404.4048	140.2619
405.4286	142.3096
405.4286	143.3334
405.4286	145.3810
405.4286	146.4048
405.4286	148.4524
405.4286	150.5000
407.4763	150.5000
407.4763	151.5238
407.4763	153.5715
407.4763	154.5953
407.4763	155.6191
407.4763	156.6429
407.4763	157.6667
407.4763	158.6905
406.4525	158.6905
406.4525	160.7381
406.4525	161.7619
406.4525	162.7857
406.4525	163.8096
406.4525	164.8334
405.4286	164.8334
405.4286	166.8810
405.4286	167.9048
405.4286	168.9286
403.3810	168.9286
402.3572	168.9286
402.3572	170.9762
402.3572	172.0000
402.3572	173.0238
402.3572	174.0477
402.3572	175.0715
402.3572	176.0953
402.3572	177.1191
402.3572	179.1667
402.3572	181.2143
402.3572	182.2381
404.4048	184.2857
405.4286	184.2857
405.4286	185.3096
406.4525	185.3096
406.4525	186.3334
406.4525	187.3572
407.4763	187.3572
407.4763	188.3810
407.4763	189.4048
407.4763	190.4286
407.4763	192.4762
407.4763	193.5000
407.4763	195.5477
407.4763	196.5715
407.4763	198.6191
407.4763	199.6429
407.4763	201.6905
408.5001	202.7143
408.5001	203.7381
408.5001	204.7619
408.5001	205.7858
408.5001	206.8096
409.5239	206.8096
409.5239	208.8572
411.5715	209.8810
411.5715	212.9524
411.5715	213.9762
411.5715	215.0000
411.5715	216.0239
411.5715	217.0477
411.5715	218.0715
411.5715	219.0953
411.5715	221.1429
411.5715	224.2143
411.5715	225.2381
411.5715	227.2858
411.5715	229.3334
411.5715	230.3572
411.5715	231.3810
411.5715	233.4286
411.5715	234.4524
411.5715	235.4762
411.5715	237.5239
411.5715	239.5715
411.5715	240.5953
411.5715	242.6429
410.5477	243.6667
410.5477	245.7143
409.5239	246.7381
409.5239	247.7620
408.5001	247.7620
407.4763	247.7620
407.4763	249.8096
406.4525	249.8096
405.4286	249.8096
404.4048	249.8096
403.3810	248.7858
402.3572	248.7858
401.3334	248.7858
399.2858	248.7858
398.2620	247.7620
395.1906	247.7620
393.1429	246.7381
392.1191	246.7381
391.0953	246.7381
390.0715	246.7381
388.0239	246.7381
385.9763	246.7381
384.9525	246.7381
383.9286	246.7381
381.8810	246.7381
380.8572	246.7381
378.8096	246.7381
377.7858	246.7381
375.7382	248.7858
373.6905	248.7858
372.6667	248.7858
371.6429	248.7858
370.6191	248.7858
369.5953	248.7858
368.5715	248.7858
367.5477	248.7858
366.5239	248.7858
365.5001	248.7858
364.4763	248.7858
363.4525	248.7858
362.4286	248.7858
362.4286	249.8096
360.3810	249.8096
359.3572	249.8096
358.3334	249.8096
357.3096	249.8096
356.2858	249.8096
355.2620	249.8096
354.2382	249.8096
352.1905	250.8334
351.1667	250.8334
349.1191	250.8334
348.0953	250.8334
347.0715	250.8334
346.0477	250.8334
345.0239	250.8334
345.0239	249.8096
342.9763	248.7858
341.9524	247.7620
340.9286	245.7143
339.9048	245.7143
339.9048	243.6667
338.8810	242.6429
337.8572	241.6191
336.8334	240.5953
336.8334	239.5715
335.8096	239.5715
335.8096	238.5477
334.7858	238.5477
334.7858	237.5239
332.7382	237.5239
332.7382	235.4762
331.7143	234.4524
330.6905	232.4048
330.6905	231.3810
329.6667	229.3334
329.6667	228.3096
328.6429	228.3096
327.6191	228.3096
326.5953	229.3334
325.5715	231.3810
324.5477	232.4048
323.5239	234.4524
322.5001	234.4524
322.5001	236.5000
321.4763	237.5239
321.4763	238.5477
320.4524	239.5715
319.4286	239.5715
318.4048	240.5953
317.3810	241.6191
317.3810	242.6429
316.3572	242.6429
315.3334	243.6667
315.3334	244.6905
314.3096	244.6905
314.3096	245.7143
312.2620	247.7620
311.2382	248.7858
310.2143	248.7858
310.2143	249.8096
308.1667	249.8096
307.1429	250.8334
307.1429	251.8572
306.1191	252.8810
304.0715	252.8810
303.0477	253.9048
299.9762	255.9524
297.9286	256.9762
295.8810	258.0000
294.8572	259.0239
292.8096	259.0239
291.7858	260.0477
289.7382	260.0477
288.7143	260.0477
286.6667	260.0477
285.6429	260.0477
283.5953	261.0715
281.5477	261.0715
279.5001	262.0953
278.4762	262.0953
277.4524	263.1191
275.4048	263.1191
273.3572	263.1191
271.3096	265.1667
270.2858	266.1905
269.2620	266.1905
269.2620	267.2143
267.2143	267.2143
267.2143	268.2381
266.1905	268.2381
266.1905	269.2620
266.1905	270.2858
266.1905	272.3334
266.1905	274.3810
265.1667	274.3810
265.1667	276.4286
265.1667	277.4524
265.1667	278.4762
265.1667	279.5001
263.1191	279.5001
263.1191	280.5239
262.0953	280.5239
262.0953	281.5477
262.0953	282.5715
261.0715	282.5715
261.0715	283.5953
260.0477	283.5953
260.0477	285.6429
259.0239	286.6667
258.0000	286.6667
256.9762	286.6667
255.9524	286.6667
254.9286	286.6667
253.9048	286.6667
251.8572	286.6667
250.8334	286.6667
248.7858	286.6667
247.7620	286.6667
246.7381	286.6667
244.6905	286.6667
243.6667	285.6429
242.6429	285.6429
241.6191	284.6191
240.5953	284.6191
238.5477	283.5953
238.5477	282.5715
236.5000	282.5715
235.4762	281.5477
234.4524	281.5477
233.4286	280.5239
231.3810	280.5239
230.3572	280.5239
228.3096	280.5239
227.2858	280.5239
224.2143	278.4762
223.1905	278.4762
221.1429	278.4762
219.0953	278.4762
218.0715	278.4762
216.0239	278.4762
215.0000	278.4762
212.9524	278.4762
211.9286	278.4762
210.9048	278.4762
209.8810	278.4762
209.8810	277.4524
208.8572	277.4524
207.8334	277.4524
207.8334	275.4048
205.7858	275.4048
204.7619	275.4048
203.7381	275.4048
201.6905	275.4048
201.6905	274.3810
199.6429	274.3810
198.6191	273.3572
198.6191	272.3334
196.5715	272.3334
195.5477	272.3334
194.5238	271.3096
192.4762	271.3096
192.4762	270.2858
190.4286	270.2858
189.4048	269.2620
188.3810	269.2620
187.3572	269.2620
187.3572	267.2143
185.3096	266.1905
184.2857	266.1905
184.2857	267.2143
184.2857	269.2620
184.2857	270.2858
186.3334	272.3334
187.3572	273.3572
188.3810	275.4048
189.4048	276.4286
190.4286	276.4286
192.4762	276.4286
192.4762	277.4524
193.5000	277.4524
194.5238	278.4762
194.5238	279.5001
196.5715	279.5001
196.5715	280.5239
198.6191	281.5477
199.6429	283.5953
199.6429	284.6191
200.6667	284.6191
200.6667	285.6429
201.6905	286.6667
201.6905	288.7143
203.7381	290.7620
203.7381	291.7858
203.7381	292.8096
203.7381	293.8334
203.7381	294.8572
204.7619	294.8572
204.7619	296.9048
204.7619	297.9286
205.7858	297.9286
205.7858	299.9762
206.8096	299.9762
206.8096	301.0001
206.8096	302.0239
207.8334	302.0239
207.8334	303.0477
207.8334	304.0715
208.8572	305.0953
209.8810	305.0953
209.8810	306.1191
209.8810	307.1429
210.9048	307.1429
210.9048	306.1191
209.8810	305.0953
208.8572	304.0715
208.8572	303.0477
207.8334	303.0477
207.8334	302.0239
206.8096	302.0239
206.8096	301.0001
205.7858	299.9762
204.7619	298.9524
202.7143	298.9524
202.7143	297.9286
201.6905	297.9286
201.6905	295.8810
200.6667	295.8810
199.6429	295.8810
198.6191	294.8572
197.5953	294.8572
197.5953	293.8334
196.5715	293.8334
195.5477	293.8334
194.5238	291.7858
193.5000	291.7858
192.4762	291.7858
191.4524	291.7858
191.4524	290.7620
189.4048	290.7620
189.4048	289.7382
187.3572	289.7382
186.3334	289.7382
186.3334	288.7143
184.2857	288.7143
183.2619	287.6905
182.2381	287.6905
181.2143	287.6905
181.2143	286.6667
180.1905	286.6667
179.1667	286.6667
179.1667	285.6429
178.1429	285.6429
177.1191	285.6429
177.1191	284.6191
176.0953	284.6191
175.0715	284.6191
175.0715	282.5715
174.0477	282.5715
174.0477	281.5477
172.0000	281.5477
170.9762	281.5477
170.9762	280.5239
168.9286	278.4762
167.9048	278.4762
167.9048	277.4524
165.8572	277.4524
164.8334	276.4286
162.7857	275.4048
160.7381	275.4048
160.7381	274.3810
159.7143	274.3810
158.6905	274.3810
158.6905	273.3572
156.6429	273.3572
155.6191	273.3572
154.5953	272.3334
153.5715	272.3334
153.5715	271.3096
151.5238	269.2620
150.5000	269.2620
149.4762	269.2620
147.4286	269.2620
146.4048	268.2381
145.3810	268.2381
145.3810	267.2143
144.3572	267.2143
143.3334	266.1905
142.3096	266.1905
142.3096	265.1667
141.2857	264.1429
140.2619	264.1429
140.2619	262.0953
139.2381	262.0953
138.2143	261.0715
137.1905	261.0715
137.1905	259.0239
136.1667	259.0239
136.1667	258.0000
135.1429	258.0000
133.0953	255.9524
131.0476	255.9524
130.0238	254.9286
127.9762	254.9286
126.9524	254.9286
126.9524	253.9048
125.9286	253.9048
124.9048	253.9048
123.8810	253.9048
123.8810	251.8572
122.8572	251.8572
121.8334	251.8572
121.8334	250.8334
120.8095	250.8334
119.7857	250.8334
118.7619	249.8096
117.7381	249.8096
116.7143	249.8096
115.6905	249.8096
114.6667	249.8096
114.6667	247.7620
112.6191	246.7381
111.5953	245.7143
109.5476	245.7143
108.5238	244.6905
106.4762	244.6905
105.4524	243.6667
105.4524	241.6191
104.4286	240.5953
104.4286	239.5715
104.4286	240.5953
104.4286	242.6429
104.4286	244.6905
104.4286	246.7381
104.4286	247.7620
105.4524	249.8096
105.4524	250.8334
105.4524	252.8810
105.4524	253.9048
105.4524	254.9286
105.4524	255.9524
104.4286	255.9524
104.4286	258.0000
102.3810	258.0000
101.3572	259.0239
100.3334	259.0239
99.3095	259.0239
98.2857	261.0715
97.2619	261.0715
96.2381	261.0715
96.2381	262.0953
95.2143	262.0953
94.1905	262.0953
94.1905	263.1191
93.1667	264.1429
93.1667	265.1667
92.1429	265.1667
92.1429	267.2143
93.1667	267.2143
95.2143	267.2143
97.2619	267.2143
98.2857	267.2143
99.3095	267.2143
101.3572	267.2143
103.4048	267.2143
104.4286	267.2143
105.4524	267.2143
106.4762	267.2143
107.5000	267.2143
108.5238	267.2143
109.5476	267.2143
110.5714	267.2143
111.5953	267.2143
112.6191	267.2143
113.6429	267.2143
114.6667	267.2143
115.6905	267.2143
116.7143	267.2143
117.7381	267.2143
118.7619	267.2143
119.7857	267.2143
120.8095	267.2143
122.8572	267.2143
123.8810	268.2381
124.9048	268.2381
124.9048	270.2858
126.9524	270.2858
129.0000	270.2858
130.0238	271.3096
131.0476	271.3096
133.0953	272.3334
134.1191	273.3572
135.1429	274.3810
136.1667	274.3810
136.1667	275.4048
137.1905	275.4048
137.1905	276.4286
138.2143	276.4286
139.2381	277.4524
140.2619	277.4524
140.2619	278.4762
141.2857	278.4762
141.2857	280.5239
141.2857	281.5477
142.3096	281.5477
142.3096	283.5953
143.3334	283.5953
143.3334	285.6429
143.3334	286.6667
145.3810	286.6667
146.4048	286.6667
147.4286	287.6905
147.4286	289.7382
148.4524	289.7382
149.4762	289.7382
149.4762	291.7858
150.5000	291.7858
150.5000	292.8096
151.5238	292.8096
152.5476	292.8096
153.5715	293.8334
154.5953	293.8334
155.6191	293.8334
155.6191	294.8572
156.6429	294.8572
158.6905	296.9048
159.7143	297.9286
160.7381	297.9286
162.7857	297.9286
162.7857	298.9524
163.8096	298.9524
164.8334	299.9762
165.8572	299.9762
166.8810	301.0001
167.9048	301.0001
167.9048	302.0239
169.9524	302.0239
170.9762	302.0239
170.9762	304.0715
172.0000	304.0715
173.0238	304.0715
173.0238	305.0953
174.0477	306.1191
175.0715	306.1191
175.0715	308.1667
177.1191	310.2143
178.1429	311.2382
180.1905	312.2620
181.2143	313.2858
181.2143	314.3096
182.2381	314.3096
184.2857	314.3096
184.2857	315.3334
186.3334	315.3334
187.3572	316.3572
188.3810	317.3810
189.4048	317.3810
190.4286	317.3810
191.4524	317.3810
192.4762	318.4048
193.5000	318.4048
194.5238	318.4048
195.5477	318.4048
196.5715	319.4286
197.5953	319.4286
198.6191	319.4286
199.6429	319.4286
200.6667	320.4524
201.6905	320.4524
202.7143	321.4763
204.7619	321.4763
205.7858	321.4763
207.8334	322.5001
207.8334	324.5477
209.8810	324.5477
210.9048	324.5477
210.9048	325.5715
211.9286	325.5715
211.9286	326.5953
211.9286	327.6191
213.9762	327.6191
215.0000	328.6429
216.0239	329.6667
217.0477	330.6905
218.0715	332.7382
220.1191	332.7382
221.1429	333.7620
223.1905	333.7620
224.2143	334.7858
225.2381	335.8096
225.2381	336.8334
226.2619	336.8334
227.2858	336.8334
227.2858	338.8810
228.3096	338.8810
228.3096	339.9048
229.3334	339.9048
230.3572	340.9286
230.3572	341.9524
231.3810	341.9524
231.3810	342.9763
233.4286	342.9763
234.4524	342.9763
234.4524	345.0239
234.4524	346.0477
236.5000	346.0477
237.5239	346.0477
237.5239	347.0715
238.5477	347.0715
238.5477	348.0953
240.5953	348.0953
240.5953	349.1191
241.6191	349.1191
241.6191	350.1429
241.6191	351.1667
241.6191	352.1905
241.6191	353.2144
241.6191	355.2620
241.6191	356.2858
241.6191	357.3096
241.6191	358.3334
241.6191	360.3810
241.6191	361.4048
241.6191	362.4286
240.5953	362.4286
239.5715	363.4525
238.5477	363.4525
237.5239	363.4525
235.4762	363.4525
234.4524	363.4525
232.4048	365.5001
231.3810	365.5001
230.3572	365.5001
229.3334	365.5001
228.3096	365.5001
227.2858	365.5001
226.2619	365.5001
225.2381	365.5001
223.1905	365.5001
222.1667	365.5001
221.1429	365.5001
220.1191	365.5001
218.0715	365.5001
217.0477	365.5001
216.0239	365.5001
215.0000	365.5001
213.9762	365.5001
212.9524	365.5001
211.9286	365.5001
210.9048	365.5001
208.8572	365.5001
207.8334	365.5001
206.8096	364.4763
205.7858	364.4763
204.7619	364.4763
203.7381	364.4763
202.7143	363.4525
201.6905	363.4525
200.6667	363.4525
198.6191	363.4525
197.5953	362.4286
196.5715	362.4286
194.5238	362.4286
193.5000	362.4286
191.4524	361.4048
190.4286	361.4048
189.4048	361.4048
189.4048	360.3810
188.3810	360.3810
187.3572	360.3810
186.3334	360.3810
186.3334	358.3334
185.3096	358.3334
184.2857	358.3334
183.2619	357.3096
182.2381	357.3096
182.2381	356.2858
181.2143	356.2858
179.1667	356.2858
178.1429	356.2858
177.1191	355.2620
176.0953	355.2620
175.0715	355.2620
175.0715	353.2144
174.0477	353.2144
173.0238	353.2144
172.0000	353.2144
170.9762	353.2144
169.9524	352.1905
168.9286	351.1667
166.8810	351.1667
164.8334	349.1191
163.8096	349.1191
162.7857	349.1191
161.7619	349.1191
160.7381	349.1191
159.7143	349.1191
159.7143	347.0715
158.6905	347.0715
157.6667	347.0715
157.6667	346.0477
156.6429	346.0477
155.6191	345.0239
154.5953	345.0239
152.5476	342.9763
151.5238	342.9763
150.5000	342.9763
150.5000	341.9524
149.4762	341.9524
148.4524	341.9524
147.4286	340.9286
145.3810	340.9286
144.3572	340.9286
144.3572	338.8810
143.3334	338.8810
142.3096	338.8810
141.2857	338.8810
141.2857	337.8572
140.2619	337.8572
139.2381	336.8334
138.2143	336.8334
137.1905	335.8096
136.1667	335.8096
135.1429	334.7858
134.1191	334.7858
133.0953	334.7858
132.0715	334.7858
131.0476	334.7858
131.0476	332.7382
130.0238	332.7382
130.0238	331.7143
129.0000	331.7143
127.9762	330.6905
126.9524	329.6667
125.9286	329.6667
125.9286	328.6429
124.9048	328.6429
123.8810	328.6429
123.8810	327.6191
122.8572	327.6191
121.8334	327.6191
120.8095	326.5953
119.7857	326.5953
118.7619	326.5953
118.7619	325.5715
117.7381	325.5715
116.7143	325.5715
116.7143	323.5239
115.6905	323.5239
114.6667	323.5239
114.6667	322.5001
112.6191	322.5001
111.5953	321.4763
111.5953	320.4524
110.5714	320.4524
108.5238	320.4524
107.5000	320.4524
106.4762	318.4048
104.4286	317.3810
103.4048	317.3810
102.3810	317.3810
101.3572	317.3810
101.3572	316.3572
100.3334	316.3572
