342.4644	233.4286
340.9286	233.4286
339.3929	233.4286
337.8572	233.4286
336.3215	233.4286
334.7858	233.4286
333.2501	233.4286
330.1786	233.4286
328.6429	233.4286
327.1072	233.4286
325.5715	233.4286
324.0358	233.4286
322.5001	233.4286
320.9643	233.4286
319.4286	233.4286
317.8929	233.4286
317.8929	234.9643
316.3572	236.5000
316.3572	238.0358
316.3572	239.5715
316.3572	241.1072
316.3572	242.6429
316.3572	244.1786
316.3572	245.7143
314.8215	245.7143
314.8215	247.2500
314.8215	248.7858
313.2858	248.7858
313.2858	250.3215
311.7501	250.3215
311.7501	251.8572
311.7501	253.3929
310.2143	253.3929
310.2143	254.9286
310.2143	256.4643
310.2143	258.0000
310.2143	259.5358
307.1429	259.5358
307.1429	261.0715
305.6072	261.0715
305.6072	262.6072
304.0715	262.6072
304.0715	264.1429
304.0715	265.6786
304.0715	267.2143
304.0715	270.2858
304.0715	271.8215
304.0715	273.3572
304.0715	274.8929
304.0715	276.4286
305.6072	276.4286
305.6072	277.9643
307.1429	277.9643
307.1429	279.5001
307.1429	281.0358
308.6786	282.5715
308.6786	284.1072
308.6786	285.6429
308.6786	287.1786
308.6786	288.7143
307.1429	290.2501
307.1429	291.7858
304.0715	291.7858
304.0715	293.3215
304.0715	294.8572
302.5358	294.8572
302.5358	296.3929
302.5358	297.9286
302.5358	301.0001
302.5358	302.5358
302.5358	305.6072
302.5358	307.1429
302.5358	308.6786
304.0715	308.6786
305.6072	308.6786
308.6786	308.6786
310.2143	308.6786
311.7501	310.2143
313.2858	310.2143
314.8215	311.7501
316.3572	311.7501
317.8929	311.7501
319.4286	311.7501
320.9643	311.7501
320.9643	310.2143
322.5001	310.2143
324.0358	310.2143
325.5715	310.2143
327.1072	310.2143
328.6429	310.2143
330.1786	313.2858
331.7143	313.2858
333.2501	314.8215
333.2501	316.3572
334.7858	317.8929
334.7858	319.4286
336.3215	320.9643
337.8572	320.9643
337.8572	322.5001
339.3929	322.5001
340.9286	322.5001
342.4644	322.5001
344.0001	322.5001
345.5358	322.5001
347.0715	322.5001
347.0715	324.0358
348.6072	324.0358
350.1429	325.5715
351.6786	325.5715
353.2144	325.5715
354.7501	325.5715
356.2858	325.5715
357.8215	325.5715
359.3572	325.5715
360.8929	325.5715
362.4286	325.5715
363.9644	325.5715
365.5001	325.5715
365.5001	327.1072
367.0358	327.1072
368.5715	327.1072
370.1072	327.1072
371.6429	327.1072
371.6429	324.0358
374.7144	322.5001
376.2501	322.5001
376.2501	320.9643
377.7858	320.9643
379.3215	320.9643
380.8572	320.9643
382.3929	320.9643
383.9286	320.9643
385.4644	320.9643
387.0001	320.9643
388.5358	320.9643
390.0715	320.9643
391.6072	320.9643
393.1429	320.9643
394.6786	320.9643
396.2144	320.9643
397.7501	320.9643
399.2858	320.9643
400.8215	320.9643
402.3572	320.9643
402.3572	319.4286
403.8929	319.4286
403.8929	317.8929
405.4286	317.8929
405.4286	316.3572
405.4286	314.8215
406.9644	314.8215
406.9644	311.7501
406.9644	310.2143
408.5001	310.2143
408.5001	308.6786
410.0358	308.6786
410.0358	307.1429
413.1072	307.1429
413.1072	305.6072
414.6429	304.0715
414.6429	302.5358
414.6429	301.0001
416.1787	301.0001
417.7144	299.4643
419.2501	299.4643
420.7858	299.4643
422.3215	299.4643
423.8572	299.4643
423.8572	297.9286
425.3929	297.9286
425.3929	294.8572
426.9287	293.3215
428.4644	293.3215
428.4644	291.7858
430.0001	291.7858
430.0001	290.2501
433.0715	290.2501
434.6072	288.7143
434.6072	287.1786
434.6072	285.6429
434.6072	284.1072
434.6072	282.5715
436.1429	281.0358
437.6787	281.0358
437.6787	279.5001
439.2144	279.5001
440.7501	279.5001
440.7501	277.9643
442.2858	277.9643
443.8215	276.4286
445.3572	276.4286
445.3572	274.8929
445.3572	273.3572
446.8929	273.3572
446.8929	271.8215
448.4287	271.8215
448.4287	270.2858
449.9644	270.2858
451.5001	270.2858
453.0358	270.2858
454.5715	270.2858
457.6429	270.2858
459.1787	270.2858
460.7144	270.2858
462.2501	270.2858
463.7858	270.2858
465.3215	270.2858
466.8572	270.2858
468.3929	270.2858
469.9287	270.2858
469.9287	268.7501
471.4644	268.7501
471.4644	267.2143
473.0001	265.6786
473.0001	264.1429
473.0001	262.6072
473.0001	261.0715
473.0001	259.5358
473.0001	258.0000
469.9287	258.0000
468.3929	258.0000
468.3929	256.4643
466.8572	256.4643
466.8572	253.3929
465.3215	251.8572
465.3215	250.3215
465.3215	248.7858
462.2501	248.7858
462.2501	247.2500
462.2501	245.7143
462.2501	242.6429
462.2501	241.1072
462.2501	238.0358
462.2501	234.9643
460.7144	233.4286
460.7144	231.8929
459.1787	231.8929
459.1787	230.3572
457.6429	228.8215
457.6429	227.2858
456.1072	227.2858
456.1072	225.7500
454.5715	225.7500
454.5715	224.2143
453.0358	224.2143
451.5001	224.2143
449.9644	224.2143
449.9644	221.1429
448.4287	221.1429
446.8929	221.1429
445.3572	219.6072
443.8215	219.6072
442.2858	219.6072
442.2858	218.0715
440.7501	218.0715
439.2144	218.0715
437.6787	218.0715
436.1429	218.0715
434.6072	218.0715
433.0715	218.0715
431.5358	218.0715
430.0001	218.0715
428.4644	218.0715
426.9287	218.0715
426.9287	219.6072
425.3929	219.6072
425.3929	221.1429
422.3215	221.1429
420.7858	221.1429
419.2501	221.1429
419.2501	222.6786
417.7144	222.6786
416.1787	222.6786
414.6429	222.6786
413.1072	222.6786
411.5715	222.6786
411.5715	221.1429
411.5715	219.6072
410.0358	219.6072
410.0358	218.0715
408.5001	218.0715
408.5001	216.5358
406.9644	216.5358
405.4286	216.5358
405.4286	213.4643
403.8929	213.4643
402.3572	213.4643
402.3572	211.9286
400.8215	211.9286
399.2858	211.9286
397.7501	211.9286
396.2144	211.9286
394.6786	211.9286
393.1429	211.9286
391.6072	211.9286
390.0715	211.9286
388.5358	211.9286
387.0001	210.3929
385.4644	210.3929
383.9286	210.3929
382.3929	210.3929
380.8572	210.3929
379.3215	210.3929
377.7858	210.3929
377.7858	211.9286
376.2501	211.9286
374.7144	211.9286
373.1786	211.9286
373.1786	213.4643
370.1072	213.4643
368.5715	213.4643
367.0358	213.4643
367.0358	216.5358
365.5001	216.5358
363.9644	218.0715
362.4286	218.0715
360.8929	219.6072
359.3572	219.6072
357.8215	219.6072
357.8215	221.1429
356.2858	221.1429
356.2858	224.2143
354.7501	224.2143
354.7501	225.7500
353.2144	225.7500
353.2144	227.2858
351.6786	227.2858
351.6786	228.8215
348.6072	228.8215
347.0715	228.8215
347.0715	230.3572
345.5358	230.3572
344.0001	231.8929
