382.9048	50.1667
381.8810	51.1905
380.8572	53.2381
378.8096	55.2857
376.7620	58.3572
375.7382	60.4048
373.6905	62.4524
372.6667	63.4762
371.6429	65.5238
369.5953	66.5476
368.5715	69.6191
367.5477	71.6667
366.5239	72.6905
365.5001	73.7143
364.4763	74.7381
364.4763	76.7857
363.4525	76.7857
363.4525	77.8095
363.4525	78.8333
363.4525	79.8572
361.4048	79.8572
361.4048	80.8810
360.3810	80.8810
360.3810	81.9048
358.3334	81.9048
358.3334	82.9286
357.3096	82.9286
357.3096	83.9524
355.2620	83.9524
354.2382	86.0000
353.2144	87.0238
352.1905	88.0476
352.1905	89.0714
350.1429	89.0714
349.1191	90.0953
349.1191	91.1191
349.1191	93.1667
348.0953	93.1667
348.0953	95.2143
347.0715	96.2381
346.0477	98.2857
345.0239	98.2857
342.9763	100.3334
342.9763	101.3572
342.9763	103.4048
341.9524	104.4286
341.9524	105.4524
341.9524	106.4762
340.9286	107.5000
340.9286	108.5238
340.9286	109.5476
339.9048	110.5714
338.8810	112.6191
337.8572	114.6667
336.8334	116.7143
334.7858	117.7381
334.7858	119.7857
333.7620	119.7857
333.7620	120.8095
331.7143	121.8334
331.7143	122.8572
330.6905	122.8572
330.6905	123.8810
328.6429	124.9048
328.6429	125.9286
326.5953	127.9762
325.5715	130.0238
324.5477	131.0476
322.5001	134.1191
322.5001	135.1429
322.5001	137.1905
322.5001	138.2143
322.5001	139.2381
321.4763	139.2381
321.4763	140.2619
321.4763	141.2857
319.4286	141.2857
319.4286	142.3096
318.4048	144.3572
317.3810	144.3572
317.3810	145.3810
316.3572	147.4286
316.3572	149.4762
315.3334	150.5000
315.3334	152.5476
314.3096	153.5715
313.2858	155.6191
312.2620	156.6429
312.2620	158.6905
311.2382	160.7381
310.2143	161.7619
309.1905	163.8096
309.1905	164.8334
309.1905	165.8572
308.1667	166.8810
308.1667	167.9048
307.1429	168.9286
307.1429	169.9524
306.1191	170.9762
305.0953	170.9762
305.0953	173.0238
304.0715	174.0477
302.0239	174.0477
302.0239	175.0715
301.0001	175.0715
301.0001	177.1191
301.0001	178.1429
301.0001	179.1667
298.9524	179.1667
298.9524	180.1905
298.9524	181.2143
298.9524	182.2381
297.9286	184.2857
296.9048	185.3096
296.9048	186.3334
296.9048	188.3810
294.8572	189.4048
293.8334	191.4524
293.8334	192.4762
293.8334	193.5000
292.8096	195.5477
292.8096	196.5715
292.8096	197.5953
291.7858	198.6191
291.7858	199.6429
290.7620	199.6429
290.7620	201.6905
288.7143	202.7143
287.6905	204.7619
287.6905	205.7858
287.6905	206.8096
287.6905	207.8334
286.6667	207.8334
286.6667	208.8572
286.6667	209.8810
284.6191	209.8810
284.6191	210.9048
283.5953	212.9524
282.5715	213.9762
282.5715	216.0239
280.5239	217.0477
280.5239	219.0953
280.5239	221.1429
279.5001	222.1667
279.5001	223.1905
278.4762	223.1905
278.4762	224.2143
278.4762	225.2381
278.4762	226.2619
278.4762	227.2858
277.4524	228.3096
277.4524	229.3334
276.4286	229.3334
276.4286	230.3572
274.3810	230.3572
273.3572	232.4048
273.3572	233.4286
272.3334	235.4762
272.3334	236.5000
272.3334	237.5239
271.3096	238.5477
271.3096	239.5715
270.2858	239.5715
270.2858	240.5953
268.2381	240.5953
267.2143	242.6429
267.2143	243.6667
267.2143	244.6905
265.1667	244.6905
265.1667	245.7143
265.1667	246.7381
264.1429	246.7381
264.1429	247.7620
264.1429	248.7858
264.1429	249.8096
264.1429	251.8572
264.1429	252.8810
264.1429	254.9286
264.1429	255.9524
264.1429	256.9762
264.1429	259.0239
264.1429	260.0477
264.1429	261.0715
264.1429	262.0953
264.1429	264.1429
264.1429	265.1667
264.1429	266.1905
264.1429	267.2143
264.1429	268.2381
264.1429	269.2620
263.1191	272.3334
263.1191	273.3572
263.1191	274.3810
263.1191	275.4048
263.1191	276.4286
263.1191	278.4762
263.1191	279.5001
263.1191	280.5239
263.1191	281.5477
263.1191	283.5953
263.1191	284.6191
263.1191	285.6429
263.1191	286.6667
263.1191	287.6905
263.1191	288.7143
263.1191	290.7620
263.1191	292.8096
263.1191	294.8572
263.1191	296.9048
263.1191	299.9762
263.1191	304.0715
263.1191	307.1429
264.1429	310.2143
264.1429	311.2382
264.1429	314.3096
264.1429	315.3334
266.1905	315.3334
266.1905	316.3572
266.1905	317.3810
266.1905	318.4048
266.1905	319.4286
266.1905	320.4524
266.1905	321.4763
267.2143	322.5001
267.2143	324.5477
267.2143	326.5953
267.2143	327.6191
267.2143	328.6429
267.2143	329.6667
267.2143	330.6905
267.2143	331.7143
267.2143	332.7382
267.2143	333.7620
267.2143	334.7858
267.2143	335.8096
267.2143	337.8572
267.2143	338.8810
267.2143	339.9048
267.2143	340.9286
268.2381	341.9524
268.2381	342.9763
270.2858	345.0239
270.2858	347.0715
270.2858	348.0953
270.2858	349.1191
270.2858	351.1667
270.2858	352.1905
270.2858	354.2382
270.2858	356.2858
270.2858	357.3096
270.2858	359.3572
270.2858	360.3810
270.2858	361.4048
270.2858	362.4286
270.2858	363.4525
270.2858	364.4763
270.2858	366.5239
270.2858	367.5477
270.2858	368.5715
270.2858	370.6191
270.2858	371.6429
270.2858	372.6667
270.2858	373.6905
270.2858	374.7144
270.2858	376.7620
270.2858	377.7858
270.2858	378.8096
270.2858	379.8334
270.2858	381.8810
270.2858	383.9286
270.2858	384.9525
270.2858	385.9763
270.2858	388.0239
270.2858	390.0715
270.2858	391.0953
270.2858	392.1191
270.2858	393.1429
270.2858	395.1906
270.2858	396.2144
270.2858	397.2382
270.2858	398.2620
270.2858	399.2858
270.2858	400.3096
270.2858	401.3334
270.2858	402.3572
270.2858	403.3810
270.2858	404.4048
270.2858	405.4286
270.2858	406.4525
270.2858	407.4763
270.2858	409.5239
272.3334	411.5715
272.3334	412.5953
272.3334	413.6191
272.3334	415.6667
272.3334	416.6906
272.3334	418.7382
273.3572	418.7382
273.3572	420.7858
273.3572	421.8096
273.3572	422.8334
273.3572	423.8572
273.3572	424.8810
274.3810	425.9048
274.3810	427.9525
274.3810	428.9763
274.3810	430.0001
274.3810	432.0477
274.3810	434.0953
274.3810	435.1191
276.4286	436.1429
276.4286	437.1667
276.4286	438.1906
277.4524	438.1906
278.4762	438.1906
279.5001	438.1906
280.5239	437.1667
281.5477	437.1667
282.5715	437.1667
282.5715	435.1191
283.5953	435.1191
284.6191	435.1191
285.6429	435.1191
285.6429	433.0715
286.6667	432.0477
288.7143	432.0477
289.7382	431.0239
291.7858	428.9763
292.8096	428.9763
292.8096	427.9525
294.8572	426.9287
294.8572	425.9048
295.8810	425.9048
295.8810	424.8810
296.9048	424.8810
297.9286	424.8810
297.9286	423.8572
298.9524	423.8572
298.9524	421.8096
298.9524	420.7858
299.9762	419.7620
301.0001	418.7382
302.0239	417.7144
303.0477	416.6906
304.0715	415.6667
305.0953	414.6429
305.0953	413.6191
307.1429	412.5953
308.1667	411.5715
308.1667	410.5477
308.1667	409.5239
309.1905	409.5239
309.1905	407.4763
310.2143	407.4763
311.2382	407.4763
312.2620	406.4525
313.2858	405.4286
314.3096	404.4048
315.3334	404.4048
316.3572	402.3572
317.3810	402.3572
317.3810	401.3334
318.4048	400.3096
320.4524	399.2858
320.4524	398.2620
320.4524	396.2144
321.4763	396.2144
323.5239	396.2144
323.5239	395.1906
324.5477	394.1667
325.5715	393.1429
328.6429	393.1429
329.6667	393.1429
330.6905	393.1429
331.7143	393.1429
332.7382	393.1429
333.7620	393.1429
333.7620	395.1906
334.7858	395.1906
335.8096	395.1906
336.8334	395.1906
337.8572	395.1906
338.8810	395.1906
339.9048	393.1429
340.9286	393.1429
341.9524	392.1191
342.9763	390.0715
345.0239	390.0715
345.0239	388.0239
346.0477	387.0001
347.0715	385.9763
348.0953	384.9525
349.1191	384.9525
350.1429	383.9286
350.1429	382.9048
351.1667	381.8810
352.1905	381.8810
353.2144	380.8572
354.2382	378.8096
355.2620	378.8096
357.3096	376.7620
358.3334	375.7382
359.3572	375.7382
359.3572	374.7144
360.3810	374.7144
360.3810	373.6905
361.4048	372.6667
361.4048	371.6429
362.4286	370.6191
363.4525	369.5953
363.4525	367.5477
364.4763	366.5239
364.4763	365.5001
364.4763	364.4763
365.5001	362.4286
367.5477	361.4048
367.5477	359.3572
367.5477	357.3096
369.5953	355.2620
369.5953	353.2144
370.6191	351.1667
370.6191	350.1429
371.6429	348.0953
371.6429	347.0715
371.6429	346.0477
372.6667	345.0239
372.6667	341.9524
372.6667	340.9286
373.6905	338.8810
373.6905	337.8572
373.6905	334.7858
374.7144	333.7620
374.7144	331.7143
374.7144	330.6905
375.7382	330.6905
375.7382	329.6667
376.7620	328.6429
376.7620	327.6191
377.7858	327.6191
377.7858	326.5953
379.8334	325.5715
379.8334	324.5477
379.8334	323.5239
380.8572	322.5001
382.9048	322.5001
382.9048	321.4763
384.9525	320.4524
385.9763	319.4286
385.9763	318.4048
387.0001	318.4048
387.0001	317.3810
387.0001	316.3572
387.0001	315.3334
389.0477	315.3334
389.0477	314.3096
391.0953	313.2858
392.1191	312.2620
393.1429	309.1905
394.1667	307.1429
396.2144	306.1191
397.2382	305.0953
397.2382	304.0715
398.2620	304.0715
398.2620	306.1191
398.2620	307.1429
399.2858	310.2143
400.3096	311.2382
401.3334	313.2858
401.3334	314.3096
401.3334	315.3334
401.3334	317.3810
401.3334	318.4048
401.3334	319.4286
403.3810	321.4763
403.3810	323.5239
403.3810	324.5477
403.3810	325.5715
403.3810	326.5953
403.3810	328.6429
403.3810	330.6905
402.3572	331.7143
402.3572	332.7382
402.3572	333.7620
402.3572	332.7382
404.4048	332.7382
406.4525	330.6905
407.4763	327.6191
408.5001	326.5953
410.5477	323.5239
410.5477	321.4763
410.5477	320.4524
410.5477	318.4048
410.5477	317.3810
411.5715	315.3334
411.5715	314.3096
411.5715	312.2620
411.5715	311.2382
411.5715	310.2143
411.5715	309.1905
411.5715	307.1429
413.6191	306.1191
413.6191	304.0715
413.6191	303.0477
413.6191	302.0239
413.6191	301.0001
413.6191	299.9762
413.6191	298.9524
413.6191	296.9048
413.6191	294.8572
413.6191	292.8096
413.6191	291.7858
414.6429	291.7858
416.6906	293.8334
417.7144	293.8334
419.7620	293.8334
421.8096	293.8334
422.8334	293.8334
422.8334	294.8572
423.8572	294.8572
424.8810	294.8572
425.9048	294.8572
426.9287	294.8572
430.0001	294.8572
433.0715	294.8572
436.1429	293.8334
437.1667	293.8334
438.1906	292.8096
438.1906	291.7858
438.1906	290.7620
438.1906	289.7382
438.1906	288.7143
438.1906	286.6667
438.1906	285.6429
438.1906	284.6191
438.1906	283.5953
438.1906	282.5715
438.1906	281.5477
438.1906	280.5239
438.1906	279.5001
438.1906	278.4762
438.1906	277.4524
438.1906	276.4286
438.1906	275.4048
438.1906	274.3810
439.2144	273.3572
440.2382	272.3334
440.2382	271.3096
440.2382	270.2858
441.2620	270.2858
441.2620	269.2620
442.2858	269.2620
442.2858	268.2381
443.3096	267.2143
443.3096	266.1905
445.3572	266.1905
445.3572	265.1667
445.3572	264.1429
445.3572	263.1191
445.3572	262.0953
445.3572	261.0715
445.3572	260.0477
445.3572	259.0239
445.3572	256.9762
445.3572	255.9524
446.3810	254.9286
446.3810	252.8810
447.4048	252.8810
447.4048	250.8334
448.4287	249.8096
448.4287	248.7858
448.4287	247.7620
448.4287	246.7381
448.4287	245.7143
449.4525	245.7143
449.4525	244.6905
449.4525	243.6667
448.4287	243.6667
448.4287	242.6429
447.4048	242.6429
447.4048	240.5953
447.4048	239.5715
447.4048	238.5477
447.4048	237.5239
447.4048	236.5000
447.4048	235.4762
447.4048	234.4524
447.4048	233.4286
447.4048	230.3572
447.4048	229.3334
447.4048	227.2858
447.4048	226.2619
447.4048	225.2381
447.4048	224.2143
447.4048	223.1905
447.4048	222.1667
446.3810	222.1667
446.3810	221.1429
446.3810	220.1191
444.3334	220.1191
443.3096	219.0953
442.2858	219.0953
442.2858	218.0715
440.2382	218.0715
439.2144	218.0715
438.1906	218.0715
435.1191	218.0715
434.0953	218.0715
433.0715	218.0715
430.0001	218.0715
428.9763	218.0715
427.9525	219.0953
426.9287	219.0953
425.9048	219.0953
424.8810	219.0953
424.8810	220.1191
422.8334	220.1191
421.8096	220.1191
418.7382	220.1191
415.6667	219.0953
413.6191	218.0715
412.5953	218.0715
411.5715	218.0715
410.5477	218.0715
410.5477	217.0477
408.5001	217.0477
408.5001	216.0239
408.5001	215.0000
407.4763	215.0000
406.4525	215.0000
406.4525	213.9762
404.4048	213.9762
403.3810	212.9524
403.3810	211.9286
402.3572	209.8810
401.3334	208.8572
401.3334	207.8334
400.3096	206.8096
399.2858	205.7858
398.2620	204.7619
398.2620	202.7143
397.2382	202.7143
397.2382	200.6667
397.2382	199.6429
395.1906	199.6429
394.1667	198.6191
394.1667	197.5953
393.1429	197.5953
393.1429	196.5715
393.1429	195.5477
393.1429	192.4762
394.1667	189.4048
394.1667	188.3810
394.1667	185.3096
394.1667	183.2619
394.1667	182.2381
394.1667	180.1905
394.1667	179.1667
394.1667	177.1191
394.1667	176.0953
393.1429	176.0953
393.1429	175.0715
392.1191	174.0477
392.1191	173.0238
391.0953	172.0000
391.0953	170.9762
390.0715	170.9762
390.0715	169.9524
388.0239	168.9286
387.0001	167.9048
387.0001	166.8810
387.0001	165.8572
387.0001	164.8334
387.0001	163.8096
387.0001	161.7619
387.0001	158.6905
387.0001	157.6667
384.9525	155.6191
384.9525	154.5953
384.9525	153.5715
384.9525	152.5476
384.9525	151.5238
384.9525	149.4762
384.9525	147.4286
384.9525	144.3572
384.9525	141.2857
384.9525	140.2619
384.9525	137.1905
384.9525	135.1429
384.9525	134.1191
384.9525	133.0953
384.9525	132.0715
384.9525	131.0476
384.9525	130.0238
384.9525	129.0000
384.9525	126.9524
384.9525	124.9048
384.9525	123.8810
384.9525	122.8572
384.9525	121.8334
384.9525	120.8095
384.9525	118.7619
384.9525	116.7143
384.9525	115.6905
384.9525	112.6191
384.9525	111.5953
384.9525	109.5476
384.9525	108.5238
385.9763	107.5000
385.9763	106.4762
385.9763	105.4524
385.9763	104.4286
385.9763	103.4048
385.9763	102.3810
385.9763	101.3572
385.9763	100.3334
385.9763	98.2857
385.9763	95.2143
387.0001	92.1429
387.0001	87.0238
387.0001	82.9286
387.0001	79.8572
387.0001	77.8095
387.0001	75.7619
387.0001	74.7381
387.0001	73.7143
387.0001	72.6905
387.0001	71.6667
387.0001	70.6429
387.0001	69.6191
387.0001	68.5953
387.0001	67.5714
387.0001	66.5476
387.0001	65.5238
387.0001	64.5000
387.0001	63.4762
387.0001	62.4524
387.0001	61.4286
387.0001	60.4048
387.0001	59.3810
387.0001	58.3572
387.0001	57.3333
387.0001	56.3095
387.0001	55.2857
387.0001	54.2619
387.0001	53.2381
385.9763	53.2381
385.9763	52.2143
385.9763	51.1905
385.9763	50.1667
390.0715	51.1905
