8.1905	316.3572
8.1905	315.3334
9.2143	313.2858
11.2619	312.2620
12.2857	310.2143
14.3333	310.2143
15.3571	308.1667
18.4286	307.1429
19.4524	307.1429
21.5000	306.1191
22.5238	304.0715
24.5714	304.0715
25.5952	304.0715
26.6191	304.0715
27.6429	304.0715
28.6667	304.0715
29.6905	304.0715
30.7143	304.0715
31.7381	304.0715
32.7619	304.0715
33.7857	304.0715
34.8095	305.0953
35.8333	307.1429
37.8810	308.1667
38.9048	309.1905
40.9524	310.2143
40.9524	312.2620
43.0000	314.3096
44.0238	315.3334
45.0476	315.3334
45.0476	317.3810
46.0714	318.4048
46.0714	319.4286
47.0952	320.4524
47.0952	321.4763
47.0952	322.5001
47.0952	323.5239
47.0952	324.5477
47.0952	325.5715
47.0952	326.5953
48.1191	327.6191
48.1191	328.6429
48.1191	330.6905
48.1191	331.7143
48.1191	332.7382
48.1191	333.7620
48.1191	334.7858
48.1191	336.8334
48.1191	338.8810
48.1191	339.9048
48.1191	340.9286
49.1429	340.9286
52.2143	338.8810
56.3095	336.8334
59.3810	333.7620
61.4286	332.7382
63.4762	331.7143
65.5238	331.7143
66.5476	331.7143
67.5714	331.7143
68.5953	331.7143
69.6191	331.7143
70.6429	331.7143
71.6667	331.7143
72.6905	331.7143
73.7143	331.7143
74.7381	330.6905
75.7619	329.6667
77.8095	328.6429
78.8333	326.5953
80.8810	326.5953
81.9048	324.5477
81.9048	323.5239
83.9524	323.5239
83.9524	321.4763
83.9524	320.4524
83.9524	319.4286
83.9524	318.4048
84.9762	317.3810
84.9762	316.3572
84.9762	314.3096
87.0238	313.2858
88.0476	311.2382
90.0953	309.1905
92.1429	306.1191
94.1905	305.0953
94.1905	303.0477
96.2381	302.0239
96.2381	301.0001
97.2619	301.0001
98.2857	301.0001
99.3095	301.0001
100.3334	301.0001
101.3572	301.0001
102.3810	301.0001
104.4286	303.0477
106.4762	304.0715
107.5000	306.1191
109.5476	308.1667
110.5714	309.1905
110.5714	311.2382
110.5714	312.2620
110.5714	313.2858
110.5714	314.3096
110.5714	315.3334
110.5714	316.3572
110.5714	317.3810
110.5714	319.4286
110.5714	320.4524
110.5714	322.5001
109.5476	323.5239
108.5238	324.5477
108.5238	326.5953
107.5000	327.6191
106.4762	327.6191
106.4762	329.6667
106.4762	330.6905
106.4762	331.7143
106.4762	332.7382
106.4762	333.7620
106.4762	334.7858
106.4762	335.8096
104.4286	337.8572
104.4286	338.8810
104.4286	339.9048
104.4286	340.9286
104.4286	341.9524
104.4286	344.0001
104.4286	345.0239
104.4286	347.0715
104.4286	349.1191
104.4286	350.1429
106.4762	350.1429
106.4762	351.1667
107.5000	352.1905
107.5000	353.2144
107.5000	354.2382
108.5238	354.2382
109.5476	355.2620
109.5476	356.2858
110.5714	356.2858
110.5714	357.3096
112.6191	357.3096
112.6191	356.2858
113.6429	355.2620
114.6667	352.1905
116.7143	351.1667
116.7143	349.1191
118.7619	349.1191
118.7619	348.0953
119.7857	348.0953
120.8095	348.0953
122.8572	348.0953
123.8810	348.0953
124.9048	349.1191
125.9286	349.1191
125.9286	350.1429
126.9524	350.1429
126.9524	351.1667
129.0000	352.1905
129.0000	354.2382
129.0000	355.2620
129.0000	356.2858
130.0238	357.3096
130.0238	358.3334
130.0238	359.3572
132.0715	359.3572
132.0715	360.3810
132.0715	361.4048
132.0715	362.4286
132.0715	363.4525
133.0953	364.4763
133.0953	365.5001
134.1191	366.5239
134.1191	367.5477
134.1191	368.5715
134.1191	369.5953
134.1191	370.6191
134.1191	371.6429
134.1191	372.6667
134.1191	373.6905
133.0953	374.7144
132.0715	374.7144
131.0476	375.7382
130.0238	376.7620
129.0000	376.7620
129.0000	377.7858
126.9524	377.7858
126.9524	378.8096
125.9286	379.8334
124.9048	380.8572
124.9048	381.8810
123.8810	382.9048
123.8810	383.9286
122.8572	383.9286
122.8572	384.9525
122.8572	385.9763
122.8572	387.0001
121.8334	387.0001
121.8334	388.0239
121.8334	389.0477
121.8334	390.0715
123.8810	390.0715
124.9048	390.0715
126.9524	391.0953
127.9762	391.0953
129.0000	391.0953
130.0238	391.0953
131.0476	391.0953
132.0715	391.0953
135.1429	391.0953
137.1905	391.0953
140.2619	390.0715
143.3334	389.0477
145.3810	389.0477
145.3810	390.0715
146.4048	391.0953
146.4048	394.1667
147.4286	396.2144
147.4286	397.2382
148.4524	400.3096
148.4524	402.3572
148.4524	404.4048
149.4762	406.4525
149.4762	408.5001
149.4762	409.5239
149.4762	410.5477
149.4762	411.5715
149.4762	412.5953
150.5000	413.6191
150.5000	416.6906
151.5238	418.7382
151.5238	419.7620
151.5238	420.7858
151.5238	422.8334
152.5476	423.8572
152.5476	426.9287
152.5476	428.9763
152.5476	430.0001
152.5476	431.0239
153.5715	432.0477
153.5715	434.0953
153.5715	435.1191
153.5715	436.1429
153.5715	438.1906
153.5715	439.2144
153.5715	441.2620
153.5715	442.2858
155.6191	442.2858
155.6191	444.3334
155.6191	445.3572
155.6191	446.3810
155.6191	447.4048
156.6429	448.4287
156.6429	449.4525
156.6429	450.4763
158.6905	450.4763
158.6905	451.5001
159.7143	452.5239
160.7381	452.5239
160.7381	454.5715
160.7381	455.5953
162.7857	456.6191
163.8096	456.6191
163.8096	457.6429
165.8572	457.6429
166.8810	458.6668
168.9286	458.6668
169.9524	458.6668
170.9762	459.6906
172.0000	459.6906
173.0238	459.6906
174.0477	459.6906
175.0715	459.6906
177.1191	459.6906
178.1429	459.6906
180.1905	459.6906
181.2143	459.6906
182.2381	459.6906
184.2857	459.6906
185.3096	459.6906
187.3572	459.6906
188.3810	459.6906
190.4286	459.6906
191.4524	459.6906
193.5000	460.7144
194.5238	460.7144
195.5477	461.7382
196.5715	462.7620
197.5953	463.7858
198.6191	464.8096
199.6429	465.8334
200.6667	465.8334
201.6905	465.8334
202.7143	466.8572
203.7381	466.8572
205.7858	466.8572
206.8096	466.8572
207.8334	466.8572
208.8572	466.8572
209.8810	466.8572
210.9048	466.8572
210.9048	465.8334
210.9048	462.7620
209.8810	460.7144
207.8334	459.6906
207.8334	456.6191
205.7858	455.5953
205.7858	454.5715
204.7619	452.5239
204.7619	451.5001
202.7143	449.4525
202.7143	448.4287
202.7143	447.4048
201.6905	446.3810
201.6905	445.3572
201.6905	444.3334
201.6905	442.2858
200.6667	441.2620
200.6667	439.2144
200.6667	438.1906
200.6667	436.1429
200.6667	435.1191
200.6667	434.0953
200.6667	431.0239
200.6667	430.0001
199.6429	428.9763
199.6429	427.9525
199.6429	425.9048
199.6429	424.8810
199.6429	423.8572
199.6429	421.8096
199.6429	420.7858
199.6429	419.7620
199.6429	418.7382
199.6429	417.7144
199.6429	416.6906
199.6429	415.6667
199.6429	414.6429
199.6429	413.6191
199.6429	412.5953
201.6905	410.5477
202.7143	409.5239
202.7143	408.5001
202.7143	406.4525
202.7143	405.4286
204.7619	404.4048
204.7619	403.3810
204.7619	401.3334
205.7858	401.3334
206.8096	401.3334
206.8096	400.3096
207.8334	400.3096
208.8572	400.3096
210.9048	400.3096
211.9286	400.3096
212.9524	400.3096
216.0239	400.3096
217.0477	400.3096
219.0953	400.3096
221.1429	400.3096
224.2143	402.3572
227.2858	403.3810
230.3572	404.4048
231.3810	405.4286
233.4286	405.4286
234.4524	405.4286
235.4762	406.4525
236.5000	406.4525
237.5239	406.4525
237.5239	408.5001
238.5477	408.5001
240.5953	409.5239
242.6429	411.5715
243.6667	411.5715
244.6905	412.5953
245.7143	413.6191
247.7620	413.6191
248.7858	414.6429
249.8096	414.6429
250.8334	414.6429
251.8572	415.6667
252.8810	417.7144
253.9048	417.7144
254.9286	419.7620
256.9762	420.7858
258.0000	420.7858
260.0477	422.8334
261.0715	422.8334
262.0953	423.8572
264.1429	423.8572
266.1905	425.9048
266.1905	426.9287
268.2381	426.9287
269.2620	428.9763
270.2858	428.9763
272.3334	430.0001
273.3572	431.0239
275.4048	431.0239
276.4286	433.0715
278.4762	433.0715
279.5001	433.0715
279.5001	432.0477
279.5001	430.0001
279.5001	427.9525
279.5001	424.8810
278.4762	422.8334
276.4286	419.7620
276.4286	417.7144
274.3810	416.6906
273.3572	414.6429
273.3572	413.6191
272.3334	411.5715
272.3334	409.5239
272.3334	408.5001
272.3334	406.4525
271.3096	405.4286
271.3096	402.3572
271.3096	401.3334
271.3096	399.2858
271.3096	398.2620
271.3096	397.2382
272.3334	397.2382
274.3810	397.2382
275.4048	397.2382
278.4762	397.2382
280.5239	397.2382
283.5953	397.2382
286.6667	398.2620
287.6905	398.2620
288.7143	398.2620
289.7382	398.2620
289.7382	397.2382
289.7382	396.2144
288.7143	396.2144
288.7143	394.1667
288.7143	393.1429
286.6667	391.0953
284.6191	389.0477
283.5953	388.0239
282.5715	385.9763
280.5239	384.9525
280.5239	383.9286
278.4762	381.8810
277.4524	381.8810
276.4286	380.8572
276.4286	379.8334
276.4286	377.7858
276.4286	376.7620
276.4286	375.7382
274.3810	374.7144
274.3810	373.6905
274.3810	371.6429
273.3572	370.6191
273.3572	368.5715
273.3572	367.5477
273.3572	366.5239
273.3572	365.5001
273.3572	363.4525
271.3096	363.4525
271.3096	362.4286
271.3096	361.4048
271.3096	360.3810
271.3096	359.3572
270.2858	358.3334
270.2858	357.3096
270.2858	356.2858
269.2620	356.2858
269.2620	355.2620
268.2381	355.2620
268.2381	354.2382
268.2381	353.2144
266.1905	352.1905
265.1667	351.1667
265.1667	349.1191
265.1667	347.0715
265.1667	346.0477
265.1667	344.0001
265.1667	342.9763
265.1667	341.9524
265.1667	340.9286
266.1905	340.9286
267.2143	342.9763
268.2381	342.9763
269.2620	342.9763
270.2858	344.0001
271.3096	344.0001
272.3334	344.0001
273.3572	344.0001
274.3810	344.0001
275.4048	346.0477
276.4286	346.0477
277.4524	346.0477
277.4524	345.0239
277.4524	344.0001
277.4524	341.9524
276.4286	339.9048
275.4048	338.8810
275.4048	337.8572
275.4048	336.8334
274.3810	335.8096
274.3810	333.7620
273.3572	331.7143
273.3572	330.6905
273.3572	329.6667
273.3572	327.6191
272.3334	326.5953
272.3334	325.5715
272.3334	324.5477
271.3096	324.5477
271.3096	323.5239
271.3096	322.5001
269.2620	322.5001
269.2620	321.4763
268.2381	321.4763
268.2381	319.4286
268.2381	318.4048
267.2143	318.4048
266.1905	317.3810
266.1905	316.3572
266.1905	315.3334
266.1905	313.2858
266.1905	312.2620
266.1905	311.2382
264.1429	311.2382
264.1429	310.2143
264.1429	309.1905
264.1429	308.1667
264.1429	307.1429
263.1191	307.1429
263.1191	306.1191
263.1191	305.0953
263.1191	304.0715
263.1191	303.0477
263.1191	302.0239
263.1191	301.0001
263.1191	299.9762
262.0953	297.9286
262.0953	296.9048
262.0953	294.8572
262.0953	292.8096
262.0953	291.7858
262.0953	290.7620
262.0953	289.7382
262.0953	288.7143
262.0953	287.6905
262.0953	286.6667
262.0953	285.6429
262.0953	284.6191
262.0953	283.5953
263.1191	282.5715
263.1191	280.5239
263.1191	278.4762
263.1191	277.4524
265.1667	277.4524
265.1667	276.4286
265.1667	275.4048
265.1667	274.3810
266.1905	272.3334
266.1905	269.2620
266.1905	268.2381
266.1905	265.1667
267.2143	264.1429
267.2143	262.0953
268.2381	261.0715
268.2381	260.0477
268.2381	259.0239
268.2381	258.0000
268.2381	256.9762
268.2381	255.9524
268.2381	254.9286
268.2381	253.9048
270.2858	251.8572
270.2858	250.8334
270.2858	248.7858
271.3096	247.7620
271.3096	245.7143
272.3334	245.7143
272.3334	243.6667
272.3334	242.6429
272.3334	241.6191
273.3572	240.5953
273.3572	239.5715
273.3572	238.5477
273.3572	237.5239
274.3810	236.5000
274.3810	235.4762
274.3810	233.4286
276.4286	232.4048
277.4524	230.3572
277.4524	229.3334
277.4524	228.3096
277.4524	227.2858
279.5001	226.2619
279.5001	225.2381
280.5239	225.2381
280.5239	224.2143
282.5715	223.1905
283.5953	222.1667
283.5953	221.1429
284.6191	221.1429
284.6191	219.0953
285.6429	218.0715
286.6667	218.0715
286.6667	216.0239
286.6667	215.0000
287.6905	215.0000
288.7143	215.0000
288.7143	213.9762
289.7382	213.9762
289.7382	212.9524
290.7620	212.9524
292.8096	212.9524
293.8334	213.9762
294.8572	215.0000
295.8810	215.0000
297.9286	216.0239
297.9286	217.0477
299.9762	218.0715
302.0239	220.1191
303.0477	221.1429
305.0953	221.1429
307.1429	223.1905
308.1667	224.2143
311.2382	226.2619
313.2858	226.2619
314.3096	228.3096
315.3334	228.3096
316.3572	228.3096
317.3810	230.3572
319.4286	230.3572
319.4286	231.3810
320.4524	231.3810
322.5001	233.4286
322.5001	234.4524
323.5239	234.4524
325.5715	234.4524
325.5715	236.5000
325.5715	237.5239
325.5715	238.5477
325.5715	239.5715
325.5715	240.5953
325.5715	241.6191
325.5715	242.6429
325.5715	243.6667
325.5715	245.7143
326.5953	245.7143
326.5953	247.7620
326.5953	248.7858
326.5953	249.8096
326.5953	250.8334
326.5953	251.8572
326.5953	252.8810
328.6429	252.8810
328.6429	253.9048
328.6429	254.9286
328.6429	256.9762
328.6429	258.0000
328.6429	259.0239
328.6429	260.0477
328.6429	261.0715
328.6429	262.0953
328.6429	265.1667
328.6429	266.1905
328.6429	269.2620
328.6429	271.3096
329.6667	274.3810
329.6667	275.4048
329.6667	278.4762
329.6667	280.5239
329.6667	283.5953
329.6667	284.6191
329.6667	287.6905
329.6667	288.7143
329.6667	290.7620
330.6905	291.7858
330.6905	293.8334
330.6905	294.8572
330.6905	295.8810
331.7143	297.9286
333.7620	299.9762
333.7620	301.0001
334.7858	301.0001
335.8096	302.0239
336.8334	302.0239
336.8334	303.0477
338.8810	304.0715
338.8810	305.0953
338.8810	306.1191
339.9048	306.1191
340.9286	307.1429
340.9286	308.1667
342.9763	308.1667
342.9763	309.1905
342.9763	310.2143
342.9763	311.2382
344.0001	311.2382
344.0001	312.2620
344.0001	313.2858
346.0477	313.2858
346.0477	315.3334
346.0477	316.3572
347.0715	316.3572
347.0715	317.3810
349.1191	317.3810
349.1191	318.4048
349.1191	320.4524
351.1667	322.5001
352.1905	323.5239
352.1905	324.5477
353.2144	324.5477
355.2620	324.5477
355.2620	325.5715
356.2858	326.5953
356.2858	327.6191
357.3096	327.6191
358.3334	327.6191
361.4048	327.6191
363.4525	327.6191
365.5001	327.6191
368.5715	327.6191
370.6191	327.6191
372.6667	327.6191
372.6667	326.5953
372.6667	325.5715
373.6905	325.5715
373.6905	324.5477
373.6905	322.5001
373.6905	320.4524
373.6905	319.4286
372.6667	317.3810
372.6667	316.3572
372.6667	314.3096
372.6667	313.2858
372.6667	312.2620
370.6191	310.2143
370.6191	309.1905
369.5953	307.1429
368.5715	306.1191
368.5715	304.0715
367.5477	303.0477
367.5477	302.0239
366.5239	301.0001
365.5001	298.9524
365.5001	297.9286
364.4763	296.9048
364.4763	294.8572
363.4525	293.8334
362.4286	291.7858
361.4048	289.7382
360.3810	288.7143
359.3572	286.6667
359.3572	285.6429
358.3334	284.6191
358.3334	283.5953
358.3334	282.5715
358.3334	281.5477
358.3334	280.5239
358.3334	279.5001
358.3334	278.4762
358.3334	277.4524
358.3334	276.4286
358.3334	274.3810
358.3334	272.3334
358.3334	271.3096
358.3334	270.2858
358.3334	269.2620
358.3334	268.2381
359.3572	268.2381
361.4048	269.2620
362.4286	271.3096
363.4525	271.3096
364.4763	271.3096
365.5001	272.3334
366.5239	272.3334
366.5239	274.3810
367.5477	274.3810
367.5477	275.4048
368.5715	275.4048
368.5715	277.4524
368.5715	278.4762
368.5715	279.5001
369.5953	280.5239
369.5953	281.5477
371.6429	282.5715
371.6429	284.6191
371.6429	285.6429
373.6905	287.6905
374.7144	287.6905
374.7144	288.7143
374.7144	289.7382
374.7144	290.7620
375.7382	291.7858
375.7382	292.8096
375.7382	293.8334
375.7382	295.8810
376.7620	296.9048
376.7620	298.9524
377.7858	299.9762
377.7858	302.0239
377.7858	303.0477
379.8334	305.0953
379.8334	306.1191
380.8572	308.1667
381.8810	309.1905
382.9048	310.2143
382.9048	311.2382
382.9048	313.2858
382.9048	314.3096
383.9286	314.3096
383.9286	316.3572
383.9286	315.3334
383.9286	313.2858
383.9286	310.2143
383.9286	307.1429
383.9286	305.0953
383.9286	302.0239
383.9286	301.0001
383.9286	298.9524
383.9286	297.9286
383.9286	296.9048
384.9525	295.8810
385.9763	295.8810
387.0001	295.8810
390.0715	295.8810
392.1191	297.9286
394.1667	299.9762
395.1906	301.0001
397.2382	303.0477
397.2382	304.0715
399.2858	306.1191
400.3096	308.1667
400.3096	309.1905
400.3096	310.2143
400.3096	312.2620
401.3334	312.2620
401.3334	314.3096
401.3334	315.3334
402.3572	315.3334
403.3810	315.3334
403.3810	316.3572
405.4286	318.4048
407.4763	320.4524
408.5001	321.4763
409.5239	322.5001
411.5715	323.5239
412.5953	323.5239
413.6191	324.5477
414.6429	324.5477
415.6667	324.5477
416.6906	324.5477
416.6906	323.5239
416.6906	322.5001
416.6906	320.4524
416.6906	319.4286
415.6667	317.3810
415.6667	315.3334
414.6429	314.3096
413.6191	313.2858
413.6191	311.2382
413.6191	310.2143
413.6191	308.1667
412.5953	307.1429
412.5953	306.1191
411.5715	304.0715
410.5477	301.0001
409.5239	299.9762
407.4763	297.9286
407.4763	296.9048
407.4763	295.8810
405.4286	295.8810
405.4286	293.8334
404.4048	293.8334
403.3810	291.7858
402.3572	290.7620
402.3572	289.7382
402.3572	288.7143
402.3572	287.6905
400.3096	286.6667
399.2858	285.6429
399.2858	284.6191
399.2858	283.5953
399.2858	282.5715
399.2858	280.5239
399.2858	279.5001
398.2620	276.4286
398.2620	275.4048
398.2620	273.3572
398.2620	272.3334
398.2620	270.2858
398.2620	269.2620
398.2620	268.2381
398.2620	267.2143
398.2620	266.1905
398.2620	265.1667
398.2620	264.1429
398.2620	262.0953
399.2858	262.0953
399.2858	260.0477
400.3096	260.0477
401.3334	259.0239
402.3572	259.0239
402.3572	258.0000
403.3810	258.0000
403.3810	256.9762
403.3810	255.9524
403.3810	254.9286
405.4286	254.9286
405.4286	253.9048
406.4525	251.8572
407.4763	251.8572
407.4763	250.8334
407.4763	249.8096
409.5239	249.8096
410.5477	249.8096
410.5477	248.7858
411.5715	248.7858
413.6191	248.7858
415.6667	250.8334
418.7382	251.8572
422.8334	254.9286
426.9287	258.0000
428.9763	258.0000
428.9763	260.0477
428.9763	261.0715
430.0001	261.0715
430.0001	262.0953
430.0001	263.1191
431.0239	264.1429
431.0239	265.1667
432.0477	266.1905
432.0477	267.2143
432.0477	269.2620
434.0953	270.2858
435.1191	272.3334
438.1906	273.3572
439.2144	276.4286
441.2620	277.4524
443.3096	279.5001
444.3334	280.5239
444.3334	281.5477
446.3810	282.5715
446.3810	283.5953
446.3810	284.6191
447.4048	285.6429
447.4048	286.6667
448.4287	286.6667
448.4287	287.6905
449.4525	287.6905
449.4525	289.7382
449.4525	290.7620
450.4763	291.7858
450.4763	292.8096
450.4763	293.8334
451.5001	294.8572
452.5239	294.8572
453.5477	296.9048
454.5715	296.9048
455.5953	297.9286
456.6191	298.9524
459.6906	298.9524
461.7382	299.9762
464.8096	301.0001
466.8572	303.0477
469.9287	304.0715
473.0001	305.0953
473.0001	306.1191
475.0477	306.1191
476.0715	306.1191
476.0715	307.1429
476.0715	306.1191
476.0715	305.0953
476.0715	303.0477
476.0715	302.0239
476.0715	299.9762
476.0715	296.9048
476.0715	294.8572
476.0715	293.8334
476.0715	292.8096
476.0715	291.7858
476.0715	290.7620
474.0239	288.7143
474.0239	287.6905
473.0001	285.6429
471.9763	282.5715
470.9525	280.5239
469.9287	278.4762
469.9287	277.4524
468.9049	275.4048
468.9049	274.3810
467.8810	274.3810
467.8810	273.3572
467.8810	272.3334
467.8810	273.3572
469.9287	276.4286
471.9763	277.4524
473.0001	280.5239
476.0715	282.5715
477.0953	283.5953
479.1429	285.6429
481.1906	286.6667
482.2144	287.6905
484.2620	288.7143
485.2858	289.7382
485.2858	291.7858
486.3096	291.7858
486.3096	293.8334
488.3572	294.8572
489.3810	294.8572
490.4049	296.9048
493.4763	297.9286
495.5239	298.9524
496.5477	298.9524
497.5715	299.9762
499.6191	301.0001
500.6430	301.0001
501.6668	301.0001
501.6668	302.0239
502.6906	302.0239
503.7144	302.0239
503.7144	301.0001
502.6906	301.0001
501.6668	299.9762
500.6430	297.9286
498.5953	295.8810
497.5715	293.8334
496.5477	291.7858
494.5001	290.7620
493.4763	287.6905
493.4763	286.6667
492.4525	284.6191
491.4287	283.5953
489.3810	281.5477
489.3810	280.5239
489.3810	279.5001
489.3810	278.4762
489.3810	276.4286
489.3810	275.4048
489.3810	273.3572
489.3810	272.3334
489.3810	271.3096
489.3810	270.2858
489.3810	269.2620
490.4049	271.3096
491.4287	272.3334
494.5001	276.4286
497.5715	281.5477
499.6191	284.6191
501.6668	287.6905
502.6906	289.7382
504.7382	291.7858
506.7858	293.8334
507.8096	295.8810
509.8572	296.9048
510.8810	298.9524
511.9049	299.9762
512.9287	301.0001
512.9287	302.0239
512.9287	303.0477
512.9287	304.0715
514.9763	304.0715
516.0001	304.0715
516.0001	306.1191
516.0001	307.1429
516.0001	308.1667
518.0477	309.1905
518.0477	310.2143
519.0715	311.2382
520.0953	312.2620
521.1191	312.2620
521.1191	314.3096
522.1430	314.3096
522.1430	315.3334
522.1430	314.3096
522.1430	311.2382
520.0953	307.1429
518.0477	303.0477
516.0001	298.9524
516.0001	295.8810
514.9763	293.8334
514.9763	291.7858
513.9525	289.7382
513.9525	288.7143
513.9525	286.6667
513.9525	285.6429
513.9525	283.5953
513.9525	282.5715
513.9525	281.5477
514.9763	281.5477
516.0001	282.5715
518.0477	283.5953
521.1191	284.6191
522.1430	285.6429
522.1430	287.6905
523.1668	287.6905
525.2144	289.7382
526.2382	290.7620
527.2620	291.7858
528.2858	291.7858
529.3096	292.8096
529.3096	293.8334
530.3334	293.8334
533.4049	295.8810
534.4287	296.9048
535.4525	297.9286
537.5001	298.9524
539.5477	299.9762
540.5715	301.0001
542.6192	301.0001
544.6668	301.0001
545.6906	303.0477
547.7382	303.0477
548.7620	303.0477
550.8096	303.0477
551.8334	304.0715
551.8334	303.0477
551.8334	302.0239
550.8096	299.9762
548.7620	298.9524
546.7144	295.8810
545.6906	292.8096
544.6668	291.7858
544.6668	290.7620
543.6430	290.7620
543.6430	288.7143
544.6668	288.7143
545.6906	288.7143
548.7620	288.7143
551.8334	290.7620
554.9049	291.7858
556.9525	293.8334
560.0239	294.8572
562.0715	294.8572
562.0715	295.8810
563.0953	295.8810
564.1192	295.8810
566.1668	295.8810
567.1906	295.8810
568.2144	295.8810
568.2144	294.8572
568.2144	293.8334
567.1906	290.7620
566.1668	289.7382
565.1430	287.6905
563.0953	286.6667
563.0953	285.6429
563.0953	284.6191
563.0953	283.5953
564.1192	283.5953
567.1906	283.5953
569.2382	283.5953
571.2858	283.5953
573.3334	283.5953
573.3334	284.6191
575.3811	284.6191
576.4049	285.6429
577.4287	286.6667
577.4287	287.6905
578.4525	287.6905
578.4525	288.7143
579.4763	290.7620
580.5001	290.7620
580.5001	292.8096
582.5477	293.8334
582.5477	295.8810
583.5715	296.9048
584.5953	296.9048
585.6192	298.9524
586.6430	298.9524
588.6906	299.9762
588.6906	301.0001
589.7144	301.0001
590.7382	301.0001
591.7620	302.0239
592.7858	302.0239
592.7858	301.0001
592.7858	299.9762
592.7858	298.9524
592.7858	296.9048
592.7858	294.8572
592.7858	292.8096
592.7858	290.7620
592.7858	289.7382
592.7858	287.6905
592.7858	286.6667
592.7858	285.6429
592.7858	284.6191
592.7858	283.5953
592.7858	282.5715
592.7858	281.5477
592.7858	279.5001
592.7858	277.4524
592.7858	276.4286
592.7858	275.4048
592.7858	273.3572
590.7382	270.2858
588.6906	266.1905
586.6430	263.1191
586.6430	261.0715
585.6192	259.0239
583.5715	258.0000
583.5715	255.9524
582.5477	254.9286
581.5239	252.8810
580.5001	251.8572
580.5001	249.8096
578.4525	249.8096
578.4525	248.7858
578.4525	246.7381
578.4525	245.7143
578.4525	243.6667
578.4525	241.6191
578.4525	240.5953
578.4525	239.5715
578.4525	238.5477
579.4763	238.5477
580.5001	238.5477
582.5477	238.5477
583.5715	238.5477
586.6430	238.5477
587.6668	238.5477
589.7144	238.5477
590.7382	238.5477
593.8096	238.5477
595.8573	238.5477
597.9049	238.5477
598.9287	238.5477
598.9287	237.5239
599.9525	237.5239
599.9525	236.5000
599.9525	235.4762
599.9525	234.4524
599.9525	232.4048
599.9525	231.3810
599.9525	230.3572
599.9525	228.3096
599.9525	227.2858
599.9525	225.2381
599.9525	224.2143
599.9525	222.1667
597.9049	221.1429
596.8811	219.0953
595.8573	219.0953
593.8096	219.0953
593.8096	218.0715
592.7858	217.0477
591.7620	217.0477
590.7382	217.0477
590.7382	216.0239
589.7144	215.0000
587.6668	215.0000
587.6668	213.9762
586.6430	212.9524
585.6192	211.9286
585.6192	210.9048
585.6192	209.8810
584.5953	209.8810
584.5953	208.8572
583.5715	207.8334
581.5239	206.8096
581.5239	204.7619
579.4763	201.6905
577.4287	199.6429
574.3573	195.5477
570.2620	191.4524
567.1906	186.3334
564.1192	184.2857
561.0477	183.2619
560.0239	182.2381
559.0001	181.2143
557.9763	181.2143
556.9525	181.2143
555.9287	180.1905
554.9049	180.1905
554.9049	179.1667
552.8572	178.1429
549.7858	178.1429
548.7620	176.0953
545.6906	176.0953
544.6668	176.0953
543.6430	176.0953
542.6192	175.0715
542.6192	174.0477
540.5715	174.0477
539.5477	174.0477
538.5239	174.0477
537.5001	174.0477
537.5001	172.0000
536.4763	172.0000
536.4763	170.9762
535.4525	169.9524
533.4049	169.9524
533.4049	168.9286
531.3572	166.8810
530.3334	166.8810
528.2858	166.8810
528.2858	165.8572
528.2858	163.8096
527.2620	163.8096
525.2144	163.8096
525.2144	162.7857
524.1906	162.7857
524.1906	161.7619
523.1668	161.7619
523.1668	160.7381
521.1191	160.7381
520.0953	160.7381
518.0477	158.6905
518.0477	157.6667
516.0001	156.6429
514.9763	155.6191
514.9763	154.5953
512.9287	152.5476
512.9287	151.5238
510.8810	149.4762
509.8572	146.4048
506.7858	143.3334
505.7620	141.2857
503.7144	138.2143
503.7144	137.1905
501.6668	135.1429
501.6668	134.1191
500.6430	133.0953
500.6430	132.0715
499.6191	132.0715
499.6191	131.0476
499.6191	130.0238
499.6191	129.0000
499.6191	127.9762
499.6191	126.9524
499.6191	125.9286
499.6191	124.9048
500.6430	124.9048
506.7858	126.9524
513.9525	130.0238
525.2144	133.0953
536.4763	136.1667
547.7382	138.2143
553.8811	139.2381
562.0715	140.2619
568.2144	141.2857
572.3096	141.2857
574.3573	141.2857
575.3811	141.2857
575.3811	142.3096
574.3573	141.2857
573.3334	139.2381
571.2858	137.1905
568.2144	136.1667
565.1430	133.0953
562.0715	130.0238
559.0001	126.9524
555.9287	123.8810
552.8572	121.8334
549.7858	119.7857
547.7382	116.7143
544.6668	113.6429
541.5953	110.5714
538.5239	109.5476
535.4525	107.5000
532.3811	105.4524
530.3334	104.4286
530.3334	102.3810
530.3334	101.3572
530.3334	100.3334
530.3334	99.3095
530.3334	97.2619
530.3334	95.2143
530.3334	94.1905
530.3334	92.1429
530.3334	91.1191
530.3334	89.0714
530.3334	88.0476
529.3096	86.0000
527.2620	84.9762
526.2382	82.9286
524.1906	81.9048
523.1668	81.9048
522.1430	79.8572
521.1191	79.8572
521.1191	78.8333
520.0953	77.8095
518.0477	76.7857
517.0239	75.7619
514.9763	73.7143
513.9525	71.6667
513.9525	70.6429
516.0001	70.6429
519.0715	70.6429
523.1668	69.6191
530.3334	67.5714
537.5001	64.5000
543.6430	63.4762
546.7144	61.4286
548.7620	61.4286
549.7858	60.4048
550.8096	60.4048
551.8334	60.4048
553.8811	61.4286
556.9525	64.5000
562.0715	67.5714
565.1430	68.5953
568.2144	69.6191
569.2382	71.6667
570.2620	71.6667
571.2858	71.6667
572.3096	71.6667
573.3334	71.6667
574.3573	71.6667
574.3573	70.6429
575.3811	69.6191
575.3811	67.5714
575.3811	66.5476
575.3811	64.5000
575.3811	63.4762
573.3334	61.4286
571.2858	59.3810
570.2620	58.3572
567.1906	56.3095
565.1430	55.2857
564.1192	55.2857
563.0953	53.2381
562.0715	52.2143
560.0239	49.1429
559.0001	47.0952
556.9525	44.0238
555.9287	43.0000
552.8572	39.9286
550.8096	36.8571
547.7382	33.7857
547.7382	31.7381
545.6906	29.6905
545.6906	28.6667
545.6906	27.6429
544.6668	26.6191
544.6668	25.5952
544.6668	24.5714
544.6668	23.5476
544.6668	22.5238
544.6668	21.5000
544.6668	20.4762
544.6668	19.4524
544.6668	18.4286
544.6668	17.4048
544.6668	15.3571
544.6668	14.3333
543.6430	14.3333
543.6430	12.2857
543.6430	11.2619
543.6430	10.2381
541.5953	10.2381
541.5953	9.2143
541.5953	8.1905
540.5715	8.1905
540.5715	7.1667
539.5477	7.1667
539.5477	5.1190
538.5239	4.0952
537.5001	4.0952
537.5001	3.0714
536.4763	2.0476
535.4525	2.0476
534.4287	1.0238
533.4049	1.0238
532.3811	1.0238
531.3572	1.0238
530.3334	1.0238
529.3096	1.0238
528.2858	1.0238
527.2620	1.0238
525.2144	1.0238
524.1906	1.0238
522.1430	1.0238
521.1191	1.0238
519.0715	2.0476
518.0477	2.0476
516.0001	2.0476
516.0001	3.0714
514.9763	3.0714
513.9525	3.0714
511.9049	3.0714
510.8810	3.0714
509.8572	3.0714
508.8334	3.0714
506.7858	3.0714
504.7382	3.0714
503.7144	3.0714
502.6906	3.0714
500.6430	3.0714
499.6191	3.0714
497.5715	3.0714
496.5477	3.0714
495.5239	3.0714
494.5001	3.0714
493.4763	3.0714
492.4525	3.0714
491.4287	3.0714
489.3810	3.0714
487.3334	3.0714
486.3096	3.0714
485.2858	3.0714
484.2620	3.0714
483.2382	3.0714
481.1906	3.0714
479.1429	3.0714
478.1191	3.0714
476.0715	3.0714
473.0001	3.0714
469.9287	3.0714
465.8334	3.0714
460.7144	3.0714
453.5477	3.0714
450.4763	3.0714
446.3810	3.0714
443.3096	3.0714
441.2620	3.0714
440.2382	3.0714
438.1906	3.0714
437.1667	3.0714
435.1191	3.0714
434.0953	3.0714
433.0715	3.0714
433.0715	2.0476
431.0239	2.0476
430.0001	2.0476
428.9763	2.0476
428.9763	1.0238
426.9287	1.0238
424.8810	1.0238
423.8572	1.0238
421.8096	1.0238
420.7858	1.0238
417.7144	1.0238
415.6667	1.0238
414.6429	1.0238
412.5953	1.0238
409.5239	1.0238
406.4525	1.0238
405.4286	1.0238
404.4048	1.0238
403.3810	1.0238
402.3572	1.0238
401.3334	1.0238
400.3096	1.0238
398.2620	0.0000
393.1429	0.0000
388.0239	0.0000
383.9286	0.0000
380.8572	0.0000
377.7858	0.0000
373.6905	0.0000
370.6191	0.0000
368.5715	0.0000
366.5239	0.0000
364.4763	0.0000
363.4525	0.0000
361.4048	0.0000
360.3810	0.0000
359.3572	0.0000
358.3334	0.0000
357.3096	0.0000
356.2858	0.0000
355.2620	0.0000
354.2382	0.0000
353.2144	0.0000
351.1667	0.0000
350.1429	0.0000
349.1191	0.0000
348.0953	0.0000
347.0715	0.0000
346.0477	0.0000
345.0239	0.0000
342.9763	0.0000
339.9048	0.0000
336.8334	0.0000
334.7858	0.0000
327.6191	0.0000
316.3572	0.0000
311.2382	0.0000
305.0953	0.0000
301.0001	0.0000
298.9524	0.0000
296.9048	0.0000
295.8810	0.0000
294.8572	0.0000
293.8334	0.0000
291.7858	0.0000
290.7620	0.0000
289.7382	0.0000
287.6905	0.0000
286.6667	0.0000
284.6191	0.0000
283.5953	0.0000
281.5477	0.0000
280.5239	0.0000
278.4762	0.0000
276.4286	0.0000
274.3810	0.0000
273.3572	0.0000
271.3096	0.0000
270.2858	0.0000
268.2381	0.0000
266.1905	0.0000
263.1191	0.0000
261.0715	0.0000
255.9524	0.0000
252.8810	1.0238
247.7620	2.0476
243.6667	2.0476
238.5477	2.0476
234.4524	3.0714
233.4286	3.0714
232.4048	3.0714
230.3572	3.0714
229.3334	3.0714
228.3096	3.0714
227.2858	3.0714
226.2619	3.0714
224.2143	3.0714
223.1905	3.0714
222.1667	3.0714
221.1429	3.0714
220.1191	3.0714
218.0715	2.0476
217.0477	2.0476
215.0000	2.0476
212.9524	2.0476
211.9286	2.0476
209.8810	2.0476
206.8096	2.0476
204.7619	1.0238
201.6905	1.0238
199.6429	1.0238
196.5715	1.0238
194.5238	0.0000
192.4762	0.0000
191.4524	0.0000
190.4286	0.0000
189.4048	0.0000
187.3572	0.0000
185.3096	0.0000
184.2857	0.0000
182.2381	0.0000
181.2143	0.0000
179.1667	0.0000
178.1429	0.0000
176.0953	0.0000
173.0238	0.0000
172.0000	0.0000
168.9286	0.0000
165.8572	0.0000
163.8096	0.0000
161.7619	0.0000
160.7381	0.0000
159.7143	0.0000
158.6905	0.0000
157.6667	0.0000
156.6429	0.0000
154.5953	0.0000
153.5715	0.0000
152.5476	0.0000
151.5238	0.0000
150.5000	0.0000
149.4762	0.0000
147.4286	0.0000
146.4048	0.0000
144.3572	0.0000
142.3096	0.0000
141.2857	0.0000
139.2381	0.0000
136.1667	0.0000
133.0953	0.0000
132.0715	0.0000
129.0000	0.0000
125.9286	0.0000
121.8334	0.0000
117.7381	0.0000
112.6191	0.0000
108.5238	0.0000
105.4524	0.0000
103.4048	0.0000
102.3810	0.0000
101.3572	0.0000
99.3095	0.0000
98.2857	0.0000
97.2619	0.0000
95.2143	0.0000
93.1667	0.0000
92.1429	0.0000
91.1191	0.0000
90.0953	0.0000
89.0714	0.0000
88.0476	0.0000
86.0000	0.0000
84.9762	0.0000
82.9286	0.0000
81.9048	0.0000
78.8333	0.0000
75.7619	0.0000
73.7143	0.0000
70.6429	0.0000
67.5714	0.0000
65.5238	0.0000
64.5000	0.0000
61.4286	0.0000
60.4048	0.0000
59.3810	0.0000
58.3572	0.0000
57.3333	0.0000
56.3095	0.0000
55.2857	0.0000
53.2381	0.0000
51.1905	0.0000
50.1667	0.0000
49.1429	0.0000
48.1191	0.0000
47.0952	0.0000
46.0714	0.0000
45.0476	0.0000
43.0000	0.0000
40.9524	0.0000
39.9286	0.0000
38.9048	0.0000
37.8810	0.0000
36.8571	0.0000
35.8333	0.0000
34.8095	0.0000
33.7857	0.0000
31.7381	0.0000
28.6667	0.0000
27.6429	0.0000
25.5952	0.0000
23.5476	0.0000
22.5238	0.0000
21.5000	0.0000
20.4762	0.0000
19.4524	0.0000
18.4286	0.0000
17.4048	0.0000
16.3810	0.0000
15.3571	0.0000
15.3571	1.0238
14.3333	1.0238
13.3095	1.0238
12.2857	1.0238
11.2619	1.0238
10.2381	1.0238
9.2143	1.0238
8.1905	1.0238
7.1667	1.0238
6.1429	1.0238
5.1190	1.0238
4.0952	1.0238
3.0714	2.0476
2.0476	2.0476
2.0476	3.0714
1.0238	3.0714
1.0238	4.0952
0.0000	4.0952
0.0000	5.1190
0.0000	6.1429
0.0000	7.1667
0.0000	8.1905
0.0000	9.2143
0.0000	10.2381
0.0000	11.2619
0.0000	12.2857
0.0000	13.3095
0.0000	14.3333
0.0000	15.3571
0.0000	16.3810
0.0000	18.4286
0.0000	19.4524
0.0000	21.5000
0.0000	23.5476
0.0000	25.5952
0.0000	27.6429
0.0000	28.6667
0.0000	31.7381
0.0000	33.7857
0.0000	34.8095
0.0000	35.8333
0.0000	36.8571
0.0000	37.8810
0.0000	38.9048
0.0000	40.9524
0.0000	41.9762
0.0000	43.0000
0.0000	45.0476
0.0000	46.0714
0.0000	48.1191
0.0000	51.1905
0.0000	52.2143
0.0000	55.2857
0.0000	56.3095
0.0000	59.3810
0.0000	61.4286
0.0000	62.4524
0.0000	64.5000
0.0000	65.5238
0.0000	67.5714
0.0000	68.5953
0.0000	70.6429
0.0000	71.6667
0.0000	73.7143
0.0000	74.7381
0.0000	75.7619
0.0000	76.7857
0.0000	77.8095
0.0000	78.8333
0.0000	79.8572
0.0000	80.8810
0.0000	82.9286
0.0000	83.9524
0.0000	86.0000
0.0000	87.0238
0.0000	89.0714
0.0000	90.0953
0.0000	92.1429
0.0000	95.2143
0.0000	96.2381
0.0000	98.2857
0.0000	99.3095
0.0000	100.3334
0.0000	102.3810
0.0000	103.4048
0.0000	104.4286
0.0000	105.4524
0.0000	106.4762
0.0000	107.5000
0.0000	108.5238
0.0000	109.5476
0.0000	110.5714
0.0000	111.5953
0.0000	113.6429
0.0000	115.6905
0.0000	116.7143
0.0000	117.7381
0.0000	118.7619
0.0000	119.7857
0.0000	120.8095
0.0000	121.8334
0.0000	123.8810
0.0000	124.9048
0.0000	125.9286
0.0000	127.9762
0.0000	129.0000
0.0000	131.0476
0.0000	132.0715
0.0000	133.0953
0.0000	134.1191
0.0000	135.1429
0.0000	137.1905
0.0000	138.2143
0.0000	140.2619
0.0000	142.3096
1.0238	142.3096
1.0238	143.3334
1.0238	144.3572
1.0238	145.3810
1.0238	146.4048
1.0238	148.4524
1.0238	149.4762
1.0238	152.5476
1.0238	153.5715
1.0238	155.6191
1.0238	157.6667
1.0238	158.6905
1.0238	160.7381
1.0238	161.7619
1.0238	162.7857
1.0238	163.8096
1.0238	164.8334
1.0238	166.8810
1.0238	168.9286
1.0238	170.9762
1.0238	173.0238
1.0238	176.0953
1.0238	177.1191
1.0238	180.1905
1.0238	183.2619
1.0238	185.3096
1.0238	187.3572
1.0238	190.4286
1.0238	191.4524
1.0238	194.5238
1.0238	197.5953
1.0238	200.6667
1.0238	203.7381
1.0238	206.8096
1.0238	208.8572
1.0238	211.9286
1.0238	213.9762
1.0238	217.0477
1.0238	218.0715
1.0238	220.1191
1.0238	221.1429
1.0238	224.2143
1.0238	226.2619
1.0238	227.2858
1.0238	229.3334
1.0238	230.3572
1.0238	232.4048
1.0238	234.4524
1.0238	236.5000
1.0238	238.5477
1.0238	240.5953
1.0238	241.6191
1.0238	243.6667
1.0238	246.7381
1.0238	247.7620
1.0238	249.8096
1.0238	250.8334
1.0238	252.8810
1.0238	253.9048
1.0238	255.9524
1.0238	259.0239
1.0238	260.0477
1.0238	262.0953
1.0238	265.1667
1.0238	266.1905
1.0238	269.2620
1.0238	272.3334
1.0238	274.3810
1.0238	276.4286
1.0238	279.5001
1.0238	280.5239
1.0238	283.5953
1.0238	285.6429
1.0238	286.6667
1.0238	287.6905
1.0238	289.7382
1.0238	290.7620
1.0238	291.7858
1.0238	292.8096
1.0238	293.8334
1.0238	294.8572
1.0238	295.8810
1.0238	296.9048
3.0714	297.9286
3.0714	299.9762
3.0714	301.0001
3.0714	302.0239
3.0714	304.0715
3.0714	305.0953
3.0714	306.1191
3.0714	307.1429
3.0714	308.1667
3.0714	309.1905
3.0714	310.2143
3.0714	311.2382
3.0714	312.2620
3.0714	313.2858
3.0714	314.3096
3.0714	315.3334
3.0714	316.3572
3.0714	317.3810
3.0714	318.4048
3.0714	319.4286
4.0952	320.4524
5.1190	320.4524
5.1190	322.5001
6.1429	322.5001
7.1667	322.5001
7.1667	320.4524
8.1905	320.4524
8.1905	319.4286
8.1905	318.4048
8.1905	317.3810
